%META:TOPICINFO{author="ClemensDeusser" date="1349880960" format="1.1" version="2"}%
%META:TOPICPARENT{name="ClemensDeusserClusteringResults"}%


| *Cluster Size* | *#Outgoing Edges* | *#Outgoing per node* | *Total outgoing weight* | *Outgoing weight per node* | 
 | 12 | 950 | 79.16666666666667 | 48.29963606313162 | 4.024969671927635 | 
 | 56 | 4603 | 82.19642857142857 | 238.78748659860256 | 4.2640622606893315 | 
 | 4 | 435 | 108.75 | 19.69323945237147 | 4.923309863092867 | 
 | 182 | 22415 | 123.15934065934066 | 1078.9293646556357 | 5.928183322283712 | 
 | 24 | 2374 | 98.91666666666667 | 119.92582884543654 | 4.996909535226522 | 
 | 26 | 5006 | 192.53846153846155 | 258.3585789651578 | 9.936868421736838 | 
 | 33 | 3307 | 100.21212121212122 | 163.0922941645648 | 4.942190732259539 | 
 | 15 | 1460 | 97.33333333333333 | 73.35767803132204 | 4.890511868754802 | 
 | 4 | 176 | 44.0 | 11.19356527754727 | 2.7983913193868175 | 
 | 96 | 9345 | 97.34375 | 471.4776342538726 | 4.9112253568111734 | 
 | 2 | 83 | 41.5 | 3.875335796972434 | 1.937667898486217 | 
 | 2 | 81 | 40.5 | 4.173108512376654 | 2.086554256188327 | 
 | 195 | 23284 | 119.40512820512821 | 1126.9220200688676 | 5.779087282404449 | 
 | 17 | 1589 | 93.47058823529412 | 79.54055293025067 | 4.678856054720628 | 
 | 23 | 4209 | 183.0 | 209.37427767490877 | 9.103229464126468 | 
 | 5 | 774 | 154.8 | 43.97961580588879 | 8.795923161177758 | 
 | 17 | 1333 | 78.41176470588235 | 67.64048334201243 | 3.9788519612948487 | 
 | 1 | 62 | 62.0 | 3.5758024406523994 | 3.5758024406523994 | 
 | 13 | 1358 | 104.46153846153847 | 69.8344832933233 | 5.371883330255638 | 
 | 10 | 744 | 74.4 | 36.62451738054213 | 3.662451738054213 | 
 | 11 | 560 | 50.90909090909091 | 25.93110197022651 | 2.3573729063842284 | 
 | 29 | 1926 | 66.41379310344827 | 95.54804381237628 | 3.294760131461251 | 
 | 13 | 1220 | 93.84615384615384 | 64.05027484214936 | 4.926944218626874 | 
 | 8 | 229 | 28.625 | 11.20181778200693 | 1.4002272227508663 | 
 | 2 | 142 | 71.0 | 6.41852208608771 | 3.209261043043855 | 
 | 10 | 1080 | 108.0 | 50.58694090425509 | 5.058694090425509 | 
 | 91 | 8078 | 88.76923076923077 | 446.7292208967224 | 4.9091123175464 | 
 | 5 | 190 | 38.0 | 8.874200506798127 | 1.7748401013596253 | 
 | 16 | 968 | 60.5 | 54.49654181896553 | 3.4060338636853458 | 
 | 6 | 425 | 70.83333333333333 | 22.24469612672118 | 3.70744935445353 | 
 | 1 | 120 | 120.0 | 6.738558836177975 | 6.738558836177975 | 
 | 21 | 1860 | 88.57142857142857 | 90.1232375043349 | 4.291582738301662 | 
 | 80 | 6559 | 81.9875 | 294.0541968606956 | 3.6756774607586946 | 
 | 10 | 1651 | 165.1 | 78.10916130702782 | 7.810916130702782 | 
 | 2 | 72 | 36.0 | 4.262978537651002 | 2.131489268825501 | 
 | 14 | 1004 | 71.71428571428571 | 49.405109547528646 | 3.528936396252046 | 
 | 4 | 390 | 97.5 | 19.396150492724008 | 4.849037623181002 | 
 | 9 | 342 | 38.0 | 15.46680943396101 | 1.7185343815512235 | 
 | 16 | 938 | 58.625 | 46.178915659392544 | 2.886182228712034 | 
 | 30 | 2815 | 93.83333333333333 | 132.76864524075586 | 4.425621508025196 | 
 | 5 | 314 | 62.8 | 16.375861625546563 | 3.2751723251093123 | 
 | 2 | 316 | 158.0 | 18.058197945005617 | 9.029098972502808 | 
 | 10 | 1331 | 133.1 | 73.44725012025395 | 7.344725012025395 | 
 | 94 | 6687 | 71.13829787234043 | 358.6100226855541 | 3.815000241335682 | 
 | 14 | 1827 | 130.5 | 91.21080879085245 | 6.515057770775175 | 
 | 22 | 1443 | 65.5909090909091 | 84.90728061248679 | 3.859421846022127 | 
 | 22 | 1977 | 89.86363636363636 | 92.50035155194976 | 4.204561434179535 | 
 | 17 | 1563 | 91.94117647058823 | 90.43000233909636 | 5.319411902299786 | 
 | 1 | 53 | 53.0 | 2.4734635435657504 | 2.4734635435657504 | 
 | 2 | 84 | 42.0 | 4.806009950288897 | 2.4030049751444484 | 
 | 5 | 326 | 65.2 | 17.28649743933498 | 3.457299487866996 | 
 | 23 | 1757 | 76.3913043478261 | 84.97431835108225 | 3.694535580481837 | 
 | 19 | 1752 | 92.21052631578948 | 82.23473196881065 | 4.32814378783214 | 
 | 6 | 382 | 63.666666666666664 | 18.851071735173143 | 3.141845289195524 | 
 | 4 | 306 | 76.5 | 13.075410625239712 | 3.268852656309928 | 
 | 180 | 20779 | 115.43888888888888 | 1006.074822999921 | 5.589304572221783 | 
 | 8 | 909 | 113.625 | 41.18749715146844 | 5.148437143933555 | 
 | 46 | 4951 | 107.6304347826087 | 276.4886157826782 | 6.010622082232135 | 
 | 7 | 1339 | 191.28571428571428 | 75.80173374194642 | 10.828819105992347 | 
 | 13 | 1164 | 89.53846153846153 | 62.45151880227648 | 4.803962984790498 | 
 | 4 | 235 | 58.75 | 11.878480236924926 | 2.9696200592312314 | 
 | 4 | 202 | 50.5 | 11.731651892749998 | 2.9329129731874994 | 
 | 5 | 341 | 68.2 | 20.078430014352836 | 4.015686002870567 | 
 | 14 | 972 | 69.42857142857143 | 46.621509219138424 | 3.3301078013670304 | 
 | 41 | 5388 | 131.41463414634146 | 284.4903593065193 | 6.938789251378519 | 
 | 7 | 396 | 56.57142857142857 | 21.607175204645934 | 3.086739314949419 | 
 | 26 | 2353 | 90.5 | 117.3092257044353 | 4.511893296324435 | 
 | 12 | 906 | 75.5 | 43.49083951874476 | 3.624236626562063 | 
 | 38 | 4187 | 110.1842105263158 | 203.34007652289168 | 5.3510546453392545 | 
 | 2 | 20 | 10.0 | 0.93300020967965 | 0.466500104839825 | 
 | 6 | 319 | 53.166666666666664 | 16.25127126568096 | 2.7085452109468267 | 
 | 2 | 222 | 111.0 | 10.203644547213838 | 5.101822273606919 | 
 | 60 | 5116 | 85.26666666666667 | 260.9298283993858 | 4.348830473323097 | 
 | 19 | 1376 | 72.42105263157895 | 70.05377807213611 | 3.6870409511650584 | 
 | 32 | 2929 | 91.53125 | 136.8752169652724 | 4.277350530164762 | 
 | 10 | 671 | 67.1 | 35.81857193735357 | 3.581857193735357 | 
 | 7 | 623 | 89.0 | 30.20216413947778 | 4.314594877068254 | 
 | 16 | 1748 | 109.25 | 87.16787187170037 | 5.447991991981273 | 
 | 5 | 373 | 74.6 | 16.623202965097494 | 3.324640593019499 | 
 | 16 | 1503 | 93.9375 | 72.6849554028424 | 4.54280971267765 | 
 | 22 | 2387 | 108.5 | 116.03139219534731 | 5.274154190697605 | 
 | 6 | 317 | 52.833333333333336 | 15.48423144325806 | 2.58070524054301 | 
 | 22 | 3449 | 156.77272727272728 | 179.65784717408545 | 8.166265780640247 | 
 | 31 | 3063 | 98.80645161290323 | 149.43822761666726 | 4.820587987634428 | 
 | 26 | 3918 | 150.69230769230768 | 193.97730925704178 | 7.460665740655453 | 
 | 1 | 52 | 52.0 | 4.358821497658467 | 4.358821497658467 | 
 | 21 | 1259 | 59.95238095238095 | 73.52775788227552 | 3.501321803917882 | 
 | 17 | 2142 | 126.0 | 102.39790108412723 | 6.023405946125131 | 
 | 18 | 1525 | 84.72222222222223 | 72.79827667710394 | 4.044348704283553 | 
 | 2 | 107 | 53.5 | 4.6974444657065435 | 2.3487222328532718 | 
 | 27 | 3001 | 111.14814814814815 | 145.13670911850357 | 5.375433671055688 | 
 | 35 | 2429 | 69.4 | 136.1682923990618 | 3.8905226399731947 | 
 | 3 | 97 | 32.333333333333336 | 5.470097148977694 | 1.823365716325898 | 
 | 24 | 2479 | 103.29166666666667 | 117.50723117783082 | 4.896134632409617 | 
 | 42 | 4211 | 100.26190476190476 | 214.69658849640444 | 5.111823535628678 | 
 | 102 | 8488 | 83.2156862745098 | 414.4318271647994 | 4.063057129066661 | 
 | 1 | 94 | 94.0 | 4.586590674661208 | 4.586590674661208 | 
 | 9 | 607 | 67.44444444444444 | 27.80637467374724 | 3.0895971859719156 | 
 | 20 | 2108 | 105.4 | 102.64257581949646 | 5.132128790974823 | 
 | 1 | 84 | 84.0 | 6.1455639886472575 | 6.1455639886472575 | 
 | 19 | 2021 | 106.36842105263158 | 104.05551375677845 | 5.476605987198866 | 
 | 10 | 676 | 67.6 | 46.693944043674534 | 4.669394404367454 | 
 | 34 | 2245 | 66.02941176470588 | 114.21220868364942 | 3.35918260834263 | 
 | 2 | 59 | 29.5 | 3.4503953154399 | 1.72519765771995 | 
 | 5 | 140 | 28.0 | 6.097490835782945 | 1.219498167156589 | 
 | 7 | 313 | 44.714285714285715 | 16.38217925011079 | 2.340311321444399 | 
 | 249 | 31329 | 125.81927710843374 | 1579.6465309859673 | 6.3439619718311935 | 
 | 79 | 7607 | 96.29113924050633 | 409.36525146092134 | 5.181838626087612 | 
 | 7 | 705 | 100.71428571428571 | 37.107451306150516 | 5.301064472307217 | 
 | 3 | 364 | 121.33333333333333 | 18.31107812239445 | 6.103692707464816 | 
 | 2 | 25 | 12.5 | 1.31229162470117 | 0.656145812350585 | 
 | 4 | 251 | 62.75 | 12.64671493293525 | 3.1616787332338125 | 
 | 60 | 7483 | 124.71666666666667 | 354.7482421676085 | 5.912470702793475 | 
 | 1 | 102 | 102.0 | 5.240335952487626 | 5.240335952487626 | 
 | 3 | 205 | 68.33333333333333 | 10.125057996379214 | 3.3750193321264046 | 
 | 4 | 243 | 60.75 | 10.852337939553143 | 2.713084484888286 | 
 | 24 | 3424 | 142.66666666666666 | 176.82074899871648 | 7.367531208279853 | 
 | 8 | 452 | 56.5 | 21.432406186111983 | 2.679050773263998 | 
 | 35 | 2718 | 77.65714285714286 | 132.14906021472018 | 3.775687434706291 | 
 | 32 | 3072 | 96.0 | 146.57211586564281 | 4.580378620801338 | 
 | 9 | 435 | 48.333333333333336 | 20.651026874224897 | 2.2945585415805443 | 
 | 61 | 6658 | 109.14754098360656 | 349.2007290945546 | 5.724602116304174 | 
 | 20 | 2595 | 129.75 | 129.1849570041059 | 6.459247850205296 | 
 | 100 | 13530 | 135.3 | 640.050220522236 | 6.40050220522236 | 
 | 131 | 12646 | 96.53435114503817 | 635.4767299010401 | 4.8509674038247335 | 
 | 6 | 337 | 56.166666666666664 | 19.32156522165089 | 3.220260870275148 | 
 | 14 | 865 | 61.785714285714285 | 50.00909787798891 | 3.5720784198563504 | 
 | 28 | 2450 | 87.5 | 123.59326121384747 | 4.414045043351695 | 
 | 9 | 851 | 94.55555555555556 | 42.84118651647237 | 4.760131835163596 | 
 | 6 | 382 | 63.666666666666664 | 23.283552062955664 | 3.880592010492611 | 
 | 3 | 92 | 30.666666666666668 | 4.057476400587441 | 1.3524921335291469 | 
 | 27 | 2792 | 103.4074074074074 | 132.85764211418643 | 4.920653411636534 | 
 | 17 | 881 | 51.8235294117647 | 41.445327412633674 | 2.437960436037275 | 
 | 3 | 225 | 75.0 | 11.546045631379476 | 3.848681877126492 | 
 | 10 | 768 | 76.8 | 39.573335467952845 | 3.9573335467952844 | 
 | 8 | 493 | 61.625 | 29.34571989014131 | 3.668214986267664 | 

-- Main.ClemensDeusser - 2012-10-10