%META:TOPICINFO{author="ClemensDeusser" date="1349882601" format="1.1" version="5"}%
%META:TOPICPARENT{name="ClemensDeusserClusteringResults"}%
Large clusters have a significantly larger amount of outgoing edges, in fact they even have a higher amount of outgoing edges per node than smaller clusters (on average). Overall the outgoing edges per node are within an order of magnitude and the weight behaves similar to the outgoing edges.

If the goal is to know what clusters a certain cluster is most similar to, then the result should be normalised by the total number of outgoing edges. If the goal is to receive a score that determines how related one cluster is to another on a scale of the entire clustering (for instance a score of 1 would mean two clusters are more related than two different clusters with a score of 0.5), then normalisation should be done by the number of nodes, since high connectivity of individual nodes would suggest a higher score, while excluding the number of nodes would heavily favor large clusters.

| *Cluster Size* | *#Outgoing Edges* | *#Outgoing per node* | *Total outgoing weight* | *Outgoing weight per node* | 
 | 12 | 950 | 79.17 | 48.3 | 4.02 | 
 | 56 | 4603 | 82.2 | 238.79 | 4.26 | 
 | 4 | 435 | 108.75 | 19.69 | 4.92 | 
 | 182 | 22415 | 123.16 | 1078.93 | 5.93 | 
 | 24 | 2374 | 98.92 | 119.93 | 5.0 | 
 | 26 | 5006 | 192.54 | 258.36 | 9.94 | 
 | 33 | 3307 | 100.21 | 163.09 | 4.94 | 
 | 15 | 1460 | 97.33 | 73.36 | 4.89 | 
 | 4 | 176 | 44.0 | 11.19 | 2.8 | 
 | 96 | 9345 | 97.34 | 471.48 | 4.91 | 
 | 2 | 83 | 41.5 | 3.88 | 1.94 | 
 | 2 | 81 | 40.5 | 4.17 | 2.09 | 
 | 195 | 23284 | 119.41 | 1126.92 | 5.78 | 
 | 17 | 1589 | 93.47 | 79.54 | 4.68 | 
 | 23 | 4209 | 183.0 | 209.37 | 9.1 | 
 | 5 | 774 | 154.8 | 43.98 | 8.8 | 
 | 17 | 1333 | 78.41 | 67.64 | 3.98 | 
 | 1 | 62 | 62.0 | 3.58 | 3.58 | 
 | 13 | 1358 | 104.46 | 69.83 | 5.37 | 
 | 10 | 744 | 74.4 | 36.62 | 3.66 | 
 | 11 | 560 | 50.91 | 25.93 | 2.36 | 
 | 29 | 1926 | 66.41 | 95.55 | 3.29 | 
 | 13 | 1220 | 93.85 | 64.05 | 4.93 | 
 | 8 | 229 | 28.63 | 11.2 | 1.4 | 
 | 2 | 142 | 71.0 | 6.42 | 3.21 | 
 | 10 | 1080 | 108.0 | 50.59 | 5.06 | 
 | 91 | 8078 | 88.77 | 446.73 | 4.91 | 
 | 5 | 190 | 38.0 | 8.87 | 1.77 | 
 | 16 | 968 | 60.5 | 54.5 | 3.41 | 
 | 6 | 425 | 70.83 | 22.24 | 3.71 | 
 | 1 | 120 | 120.0 | 6.74 | 6.74 | 
 | 21 | 1860 | 88.57 | 90.12 | 4.29 | 
 | 80 | 6559 | 81.99 | 294.05 | 3.68 | 
 | 10 | 1651 | 165.1 | 78.11 | 7.81 | 
 | 2 | 72 | 36.0 | 4.26 | 2.13 | 
 | 14 | 1004 | 71.71 | 49.41 | 3.53 | 
 | 4 | 390 | 97.5 | 19.4 | 4.85 | 
 | 9 | 342 | 38.0 | 15.47 | 1.72 | 
 | 16 | 938 | 58.63 | 46.18 | 2.89 | 
 | 30 | 2815 | 93.83 | 132.77 | 4.43 | 
 | 5 | 314 | 62.8 | 16.38 | 3.28 | 
 | 2 | 316 | 158.0 | 18.06 | 9.03 | 
 | 10 | 1331 | 133.1 | 73.45 | 7.34 | 
 | 94 | 6687 | 71.14 | 358.61 | 3.82 | 
 | 14 | 1827 | 130.5 | 91.21 | 6.52 | 
 | 22 | 1443 | 65.59 | 84.91 | 3.86 | 
 | 22 | 1977 | 89.86 | 92.5 | 4.2 | 
 | 17 | 1563 | 91.94 | 90.43 | 5.32 | 
 | 1 | 53 | 53.0 | 2.47 | 2.47 | 
 | 2 | 84 | 42.0 | 4.81 | 2.4 | 
 | 5 | 326 | 65.2 | 17.29 | 3.46 | 
 | 23 | 1757 | 76.39 | 84.97 | 3.69 | 
 | 19 | 1752 | 92.21 | 82.23 | 4.33 | 
 | 6 | 382 | 63.67 | 18.85 | 3.14 | 
 | 4 | 306 | 76.5 | 13.08 | 3.27 | 
 | 180 | 20779 | 115.44 | 1006.07 | 5.59 | 
 | 8 | 909 | 113.63 | 41.19 | 5.15 | 
 | 46 | 4951 | 107.63 | 276.49 | 6.01 | 
 | 7 | 1339 | 191.29 | 75.8 | 10.83 | 
 | 13 | 1164 | 89.54 | 62.45 | 4.8 | 
 | 4 | 235 | 58.75 | 11.88 | 2.97 | 
 | 4 | 202 | 50.5 | 11.73 | 2.93 | 
 | 5 | 341 | 68.2 | 20.08 | 4.02 | 
 | 14 | 972 | 69.43 | 46.62 | 3.33 | 
 | 41 | 5388 | 131.41 | 284.49 | 6.94 | 
 | 7 | 396 | 56.57 | 21.61 | 3.09 | 
 | 26 | 2353 | 90.5 | 117.31 | 4.51 | 
 | 12 | 906 | 75.5 | 43.49 | 3.62 | 
 | 38 | 4187 | 110.18 | 203.34 | 5.35 | 
 | 2 | 20 | 10.0 | 0.93 | 0.47 | 
 | 6 | 319 | 53.17 | 16.25 | 2.71 | 
 | 2 | 222 | 111.0 | 10.2 | 5.1 | 
 | 60 | 5116 | 85.27 | 260.93 | 4.35 | 
 | 19 | 1376 | 72.42 | 70.05 | 3.69 | 
 | 32 | 2929 | 91.53 | 136.88 | 4.28 | 
 | 10 | 671 | 67.1 | 35.82 | 3.58 | 
 | 7 | 623 | 89.0 | 30.2 | 4.31 | 
 | 16 | 1748 | 109.25 | 87.17 | 5.45 | 
 | 5 | 373 | 74.6 | 16.62 | 3.32 | 
 | 16 | 1503 | 93.94 | 72.68 | 4.54 | 
 | 22 | 2387 | 108.5 | 116.03 | 5.27 | 
 | 6 | 317 | 52.83 | 15.48 | 2.58 | 
 | 22 | 3449 | 156.77 | 179.66 | 8.17 | 
 | 31 | 3063 | 98.81 | 149.44 | 4.82 | 
 | 26 | 3918 | 150.69 | 193.98 | 7.46 | 
 | 1 | 52 | 52.0 | 4.36 | 4.36 | 
 | 21 | 1259 | 59.95 | 73.53 | 3.5 | 
 | 17 | 2142 | 126.0 | 102.4 | 6.02 | 
 | 18 | 1525 | 84.72 | 72.8 | 4.04 | 
 | 2 | 107 | 53.5 | 4.7 | 2.35 | 
 | 27 | 3001 | 111.15 | 145.14 | 5.38 | 
 | 35 | 2429 | 69.4 | 136.17 | 3.89 | 
 | 3 | 97 | 32.33 | 5.47 | 1.82 | 
 | 24 | 2479 | 103.29 | 117.51 | 4.9 | 
 | 42 | 4211 | 100.26 | 214.7 | 5.11 | 
 | 102 | 8488 | 83.22 | 414.43 | 4.06 | 
 | 1 | 94 | 94.0 | 4.59 | 4.59 | 
 | 9 | 607 | 67.44 | 27.81 | 3.09 | 
 | 20 | 2108 | 105.4 | 102.64 | 5.13 | 
 | 1 | 84 | 84.0 | 6.15 | 6.15 | 
 | 19 | 2021 | 106.37 | 104.06 | 5.48 | 
 | 10 | 676 | 67.6 | 46.69 | 4.67 | 
 | 34 | 2245 | 66.03 | 114.21 | 3.36 | 
 | 2 | 59 | 29.5 | 3.45 | 1.73 | 
 | 5 | 140 | 28.0 | 6.1 | 1.22 | 
 | 7 | 313 | 44.71 | 16.38 | 2.34 | 
 | 249 | 31329 | 125.82 | 1579.65 | 6.34 | 
 | 79 | 7607 | 96.29 | 409.37 | 5.18 | 
 | 7 | 705 | 100.71 | 37.11 | 5.3 | 
 | 3 | 364 | 121.33 | 18.31 | 6.1 | 
 | 2 | 25 | 12.5 | 1.31 | 0.66 | 
 | 4 | 251 | 62.75 | 12.65 | 3.16 | 
 | 60 | 7483 | 124.72 | 354.75 | 5.91 | 
 | 1 | 102 | 102.0 | 5.24 | 5.24 | 
 | 3 | 205 | 68.33 | 10.13 | 3.38 | 
 | 4 | 243 | 60.75 | 10.85 | 2.71 | 
 | 24 | 3424 | 142.67 | 176.82 | 7.37 | 
 | 8 | 452 | 56.5 | 21.43 | 2.68 | 
 | 35 | 2718 | 77.66 | 132.15 | 3.78 | 
 | 32 | 3072 | 96.0 | 146.57 | 4.58 | 
 | 9 | 435 | 48.33 | 20.65 | 2.29 | 
 | 61 | 6658 | 109.15 | 349.2 | 5.72 | 
 | 20 | 2595 | 129.75 | 129.18 | 6.46 | 
 | 100 | 13530 | 135.3 | 640.05 | 6.4 | 
 | 131 | 12646 | 96.53 | 635.48 | 4.85 | 
 | 6 | 337 | 56.17 | 19.32 | 3.22 | 
 | 14 | 865 | 61.79 | 50.01 | 3.57 | 
 | 28 | 2450 | 87.5 | 123.59 | 4.41 | 
 | 9 | 851 | 94.56 | 42.84 | 4.76 | 
 | 6 | 382 | 63.67 | 23.28 | 3.88 | 
 | 3 | 92 | 30.67 | 4.06 | 1.35 | 
 | 27 | 2792 | 103.41 | 132.86 | 4.92 | 
 | 17 | 881 | 51.82 | 41.45 | 2.44 | 
 | 3 | 225 | 75.0 | 11.55 | 3.85 | 
 | 10 | 768 | 76.8 | 39.57 | 3.96 | 
 | 8 | 493 | 61.63 | 29.35 | 3.67 | 

-- Main.ClemensDeusser - 2012-10-10