%META:TOPICINFO{author="BaseUserMapping_999" date="1360762006" format="1.1" reprev="1" version="2"}%
%META:TOPICPARENT{name="ClemensDeusserDataAndInformation"}%
 | *Keywords* | *#Documents* | *Share* | *Examples* | 
 | 1 | 1 | 0.03% | 1386 | 
 | 3 | 20 | 0.59% | 827, 881, 876 | 
 | 4 | 3 | 0.09% | 1462, 3194, 5028 | 
 | 5 | 115 | 3.37% | 200, 420, 875 | 
 | 6 | 49 | 1.44% | 310, 340, 888 | 
 | 7 | 164 | 4.81% | 828, 880, 885 | 
 | 8 | 93 | 2.73% | 159, 300, 825 | 
 | 9 | 161 | 4.72% | 167, 180, 821 | 
 | 10 | 105 | 3.08% | 138, 254, 423 | 
 | 11 | 171 | 5.01% | 139, 144, 293 | 
 | 12 | 104 | 3.05% | 141, 261, 533 | 
 | 13 | 123 | 3.61% | 137, 136, 165 | 
 | 14 | 101 | 2.96% | 186, 358, 457 | 
 | 15 | 108 | 3.17% | 150, 173, 163 | 
 | 16 | 100 | 2.93% | 143, 232, 279 | 
 | 17 | 128 | 3.75% | 166, 205, 230 | 
 | 18 | 85 | 2.49% | 122, 201, 198 | 
 | 19 | 101 | 2.96% | 164, 183, 252 | 
 | 20 | 84 | 2.46% | 140, 454, 558 | 
 | 21 | 95 | 2.79% | 182, 216, 231 | 
 | 22 | 84 | 2.46% | 184, 185, 217 | 
 | 23 | 76 | 2.23% | 265, 460, 564 | 
 | 24 | 55 | 1.61% | 135, 199, 215 | 
 | 25 | 63 | 1.85% | 226, 561, 685 | 
 | 26 | 66 | 1.93% | 277, 264, 335 | 
 | 27 | 87 | 2.55% | 134, 157, 147 | 
 | 28 | 55 | 1.61% | 129, 203, 246 | 
 | 29 | 58 | 1.7% | 121, 146, 172 | 
 | 30 | 43 | 1.26% | 312, 328, 555 | 
 | 31 | 59 | 1.73% | 218, 244, 691 | 
 | 32 | 52 | 1.52% | 175, 237, 283 | 
 | 33 | 48 | 1.41% | 142, 170, 197 | 
 | 34 | 48 | 1.41% | 228, 258, 297 | 
 | 35 | 42 | 1.23% | 133, 209, 238 | 
 | 36 | 45 | 1.32% | 126, 162, 479 | 
 | 37 | 42 | 1.23% | 331, 560, 663 | 
 | 38 | 41 | 1.2% | 249, 290, 334 | 
 | 39 | 35 | 1.03% | 127, 169, 190 | 
 | 40 | 42 | 1.23% | 123, 153, 272 | 
 | 41 | 36 | 1.06% | 243, 284, 365 | 
 | 42 | 29 | 0.85% | 491, 666, 744 | 
 | 43 | 30 | 0.88% | 260, 413, 546 | 
 | 44 | 29 | 0.85% | 124, 1011, 1027 | 
 | 45 | 25 | 0.73% | 239, 568, 713 | 
 | 46 | 27 | 0.79% | 499, 717, 780 | 
 | 47 | 22 | 0.64% | 236, 248, 307 | 
 | 48 | 19 | 0.56% | 327, 409, 396 | 
 | 49 | 18 | 0.53% | 202, 434, 584 | 
 | 50 | 13 | 0.38% | 268, 926, 2003 | 
 | 51 | 14 | 0.41% | 204, 269, 557 | 
 | 52 | 16 | 0.47% | 280, 325, 2027 | 
 | 53 | 11 | 0.32% | 151, 623, 664 | 
 | 54 | 7 | 0.21% | 475, 707, 2786 | 
 | 55 | 8 | 0.23% | 125, 299, 1504 | 
 | 56 | 12 | 0.35% | 356, 708, 1633 | 
 | 57 | 12 | 0.35% | 266, 270, 326 | 
 | 58 | 10 | 0.29% | 282, 267, 323 | 
 | 59 | 8 | 0.23% | 149, 2019, 2558 | 
 | 60 | 6 | 0.18% | 320, 562, 3283 | 
 | 61 | 9 | 0.26% | 154, 1532, 1566 | 
 | 62 | 12 | 0.35% | 222, 375, 411 | 
 | 63 | 6 | 0.18% | 219, 304, 2544 | 
 | 64 | 4 | 0.12% | 225, 1514, 1925 | 
 | 65 | 9 | 0.26% | 176, 321, 372 | 
 | 66 | 5 | 0.15% | 2478, 2540, 3485 | 
 | 67 | 8 | 0.23% | 1987, 1937, 2086 | 
 | 68 | 5 | 0.15% | 242, 274, 2669 | 
 | 69 | 6 | 0.18% | 322, 1459, 1813 | 
 | 70 | 5 | 0.15% | 3018, 3037, 3287 | 
 | 72 | 3 | 0.09% | 168, 336, 2084 | 
 | 73 | 3 | 0.09% | 440, 2047, 2557 | 
 | 74 | 1 | 0.03% | 1928 | 
 | 75 | 1 | 0.03% | 3094 | 
 | 76 | 2 | 0.06% | 2609, 3480 | 
 | 77 | 1 | 0.03% | 4466 | 
 | 78 | 3 | 0.09% | 2623, 3281, 3091 | 
 | 79 | 1 | 0.03% | 2044 | 
 | 80 | 1 | 0.03% | 3488 | 
 | 81 | 3 | 0.09% | 813, 2552, 4945 | 
 | 83 | 1 | 0.03% | 3388 | 
 | 85 | 2 | 0.06% | 3424, 3584 | 
 | 86 | 1 | 0.03% | 2554 | 
 | 87 | 2 | 0.06% | 2592, 3490 | 
 | 88 | 1 | 0.03% | 2589 | 
 | 93 | 1 | 0.03% | 3481 | 
 | 96 | 1 | 0.03% | 2591 | 
 | 97 | 2 | 0.06% | 317, 3526 | 
 | 98 | 1 | 0.03% | 2979 | 
 | 105 | 1 | 0.03% | 2032 | 
 | 106 | 1 | 0.03% | 3149 | 
 | 108 | 1 | 0.03% | 438 | 
 | 110 | 1 | 0.03% | 439 | 
 | 114 | 1 | 0.03% | 435 | 
 | 118 | 1 | 0.03% | 3491 | 

-- Main.ClemensDeusser - 2012-06-26