%META:TOPICINFO{author="KaiMichaelHoever" date="1179947503" format="1.1" reprev="1" version="1"}%
%META:TOPICPARENT{name="KaisBlog"}%
<verbatim>
# Generated by ExperimentLog Spearman[edu.udo.cs.yale.datatable.SimpleDataTable]
# C	gamma	Spearman Performance
0.0	0.0	0.4364313462376622
0.03125	0.0	0.33314928801433835
0.125	0.0	0.5459004654378657
0.5	0.0	0.4602914727238907
2.0	0.0	0.5449417188302675
8.0	0.0	0.4660064016285386
32.0	0.0	0.4876397044939744
128.0	0.0	0.4985542517486823
512.0	0.0	0.44155624097359725
2048.0	0.0	0.33859916738542184
8192.0	0.0	0.5477210274700182
32768.0	0.0	0.3617551147659651
0.0	3.0517578125E-5	0.391942918205881
0.03125	3.0517578125E-5	0.4474743639811476
0.125	3.0517578125E-5	0.48020616839597374
0.5	3.0517578125E-5	0.2915789859573756
2.0	3.0517578125E-5	0.3386294352251515
8.0	3.0517578125E-5	0.394034176474435
32.0	3.0517578125E-5	0.49110034990244483
128.0	3.0517578125E-5	0.4936601434578271
512.0	3.0517578125E-5	0.3092176828758457
2048.0	3.0517578125E-5	0.4396096517160013
8192.0	3.0517578125E-5	0.5040967429575904
32768.0	3.0517578125E-5	0.4434162412305902
0.0	1.220703125E-4	0.43423729909666964
0.03125	1.220703125E-4	0.6049998968819935
0.125	1.220703125E-4	0.4785734350432125
0.5	1.220703125E-4	0.5526791201400638
2.0	1.220703125E-4	0.4479639708159932
8.0	1.220703125E-4	0.4607091401652931
32.0	1.220703125E-4	0.41321815300523307
128.0	1.220703125E-4	0.5036652024378552
512.0	1.220703125E-4	0.42084879121213353
2048.0	1.220703125E-4	0.379681430823264
8192.0	1.220703125E-4	0.5362634722177329
32768.0	1.220703125E-4	0.38856702530128434
0.0	4.8828125E-4	0.44270194449334765
0.03125	4.8828125E-4	0.42987228103070524
0.125	4.8828125E-4	0.4942310935847129
0.5	4.8828125E-4	0.5178481495135676
2.0	4.8828125E-4	0.5618948631357009
8.0	4.8828125E-4	0.4065669469245013
32.0	4.8828125E-4	0.5180861045239865
128.0	4.8828125E-4	0.4767474002352769
512.0	4.8828125E-4	0.46908220405761036
2048.0	4.8828125E-4	0.3748580939159595
8192.0	4.8828125E-4	0.4852129573928372
32768.0	4.8828125E-4	0.23871396559518462
0.0	0.001953125	0.42140068967948824
0.03125	0.001953125	0.41847802491596003
0.125	0.001953125	0.4181985184610687
0.5	0.001953125	0.391337480772001
2.0	0.001953125	0.4177243274043631
8.0	0.001953125	0.40307044779429363
32.0	0.001953125	0.460791050684344
128.0	0.001953125	0.44868288904578923
512.0	0.001953125	0.32703053931805676
2048.0	0.001953125	0.4384053992861667
8192.0	0.001953125	0.4332654896970014
32768.0	0.001953125	0.46965769607648833
0.0	0.0078125	0.47209431220287323
0.03125	0.0078125	0.5417593914126919
0.125	0.0078125	0.4916922894138978
0.5	0.0078125	0.4863005804855096
2.0	0.0078125	0.3335185145158928
8.0	0.0078125	0.5048038522604644
32.0	0.0078125	0.48724095718540805
128.0	0.0078125	0.4028875208706894
512.0	0.0078125	0.4776516603601609
2048.0	0.0078125	0.5027122972593908
8192.0	0.0078125	0.4455246039580675
32768.0	0.0078125	0.5324727824539845
0.0	0.03125	0.44345716958510806
0.03125	0.03125	0.49811351025303585
0.125	0.03125	0.4702756338223578
0.5	0.03125	0.5653046050028017
2.0	0.03125	0.4881017632326467
8.0	0.03125	0.40555788614300403
32.0	0.03125	0.402932508558832
128.0	0.03125	0.3698685614480478
512.0	0.03125	0.5206766941358394
2048.0	0.03125	0.48534041339450423
8192.0	0.03125	0.30762062572286547
32768.0	0.03125	0.4293071460840316
0.0	0.125	0.4089854953429575
0.03125	0.125	0.4171654991741979
0.125	0.125	0.41639315754744666
0.5	0.125	0.429303717916989
2.0	0.125	0.35971642688098304
8.0	0.125	0.40788014719659543
32.0	0.125	0.4514668932609311
128.0	0.125	0.4245050473220207
512.0	0.125	0.47083069501923397
2048.0	0.125	0.36423001078031725
8192.0	0.125	0.4683517548604268
32768.0	0.125	0.4354128563003579
0.0	0.5	0.030384187324356035
0.03125	0.5	0.2970044289366299
0.125	0.5	0.2971926729672255
0.5	0.5	0.2390385254715154
2.0	0.5	0.25913362963217074
8.0	0.5	0.06523594872142043
32.0	0.5	0.1852842899348207
128.0	0.5	0.3879526714843411
512.0	0.5	0.29219806831038303
2048.0	0.5	0.16047966996355886
8192.0	0.5	0.26071448156936333
32768.0	0.5	0.10119652433225064
0.0	2.0	0.05414498646445747
0.03125	2.0	-0.05491535698743208
0.125	2.0	-0.05776388691808782
0.5	2.0	-0.007906659929241446
2.0	2.0	0.030693104631133065
8.0	2.0	0.05494819317208429
32.0	2.0	0.29666904546743056
128.0	2.0	-0.021917212329227543
512.0	2.0	0.12857478058750857
2048.0	2.0	0.13346821434105177
8192.0	2.0	0.010280798608495966
32768.0	2.0	0.07780635253442124
0.0	8.0	0.09214834444509307
0.03125	8.0	NaN
0.125	8.0	NaN
0.5	8.0	0.09568285322095528
2.0	8.0	0.09568186867853856
8.0	8.0	0.05635147991980098
32.0	8.0	NaN
128.0	8.0	0.04241015504712814
512.0	8.0	0.1001692517511975
2048.0	8.0	-0.07760717593418996
8192.0	8.0	0.10473231774053134
32768.0	8.0	0.08938890477878507
</verbatim>

-- Main.KaiMichaelHoever - 23 May 2007