maxIt; stop; purity; collocation; fscore
1; 0.0; 0.6838536516457127; 0.6924000565051561; 0.6881003178940643; 
1; 0.44999999999999996; 0.6815228139567736; 0.6940245797429015; 0.687716885231246; 
1; 0.49999999999999994; 0.6815228139567736; 0.6940245797429015; 0.687716885231246; 
1; 0.2; 0.6815228139567736; 0.6940245797429015; 0.687716885231246; 
1; 0.1; 0.6815228139567736; 0.6940245797429015; 0.687716885231246; 
1; 0.3; 0.6815228139567736; 0.6940245797429015; 0.687716885231246; 
1; 0.15000000000000002; 0.6815228139567736; 0.6940245797429015; 0.687716885231246; 
1; 0.05; 0.6815228139567736; 0.6940245797429015; 0.687716885231246; 
1; 0.25; 0.6815228139567736; 0.6940245797429015; 0.687716885231246; 
1; 0.35; 0.6815228139567736; 0.6940245797429015; 0.687716885231246; 
1; 0.39999999999999997; 0.6815228139567736; 0.6940245797429015; 0.687716885231246; 
7; 0.05; 0.6450063568300607; 0.7139426472665631; 0.6777260140164504; 
19; 0.05; 0.6429580449215991; 0.7161322220652635; 0.677575264261521; 
10; 0.05; 0.6447238310495833; 0.7138013843763243; 0.6775063987300707; 
20; 0.05; 0.6438762537081508; 0.7142251730470406; 0.6772286953918059; 
14; 0.0; 0.6434524650374347; 0.7144370673823986; 0.6770893819353605; 
8; 0.0; 0.6426755191411216; 0.7144370673823986; 0.6766589857512694; 
14; 0.1; 0.6436643593727928; 0.71316570137025; 0.6766349855894939; 
17; 0.1; 0.6421810990252861; 0.7149314874982342; 0.6766063374970278; 
12; 0.0; 0.6428874134764797; 0.7135188585958468; 0.6763641586064776; 
16; 0.05; 0.641192258793615; 0.7154965390591892; 0.676309619073232; 
13; 0.05; 0.6405565757875407; 0.7162028535103828; 0.6762708812000273; 
15; 0.1; 0.6431699392569572; 0.712953807034892; 0.6762663923812214; 
6; 0.05; 0.641192258793615; 0.7151433818335923; 0.6761518117258085; 
6; 0.0; 0.6416866789094505; 0.7143664359372793; 0.6760788656169783; 
20; 0.1; 0.6412628902387343; 0.7148608560531149; 0.6760647616777323; 
11; 0.05; 0.6416866789094505; 0.713730752931205; 0.67579404798124; 
9; 0.1; 0.6421104675801667; 0.71316570137025; 0.6757754212171089; 
4; 0.0; 0.642746150586241; 0.7123181240288177; 0.6757461484140985; 
9; 0.0; 0.6410509959033762; 0.7142958044921599; 0.6756942750086866; 
7; 0.15000000000000002; 0.6414747845740923; 0.7135188585958468; 0.6755815548131235; 
19; 0.0; 0.6402034185619437; 0.715072750388473; 0.675570086462489; 
18; 0.1; 0.6421810990252861; 0.712600649809295; 0.6755607223884168; 
18; 0.15000000000000002; 0.643311202147196; 0.7111880209069078; 0.6755488861052423; 
14; 0.05; 0.6395677355558694; 0.7157084333945473; 0.6754992562421956; 
16; 0.1; 0.6411216273484955; 0.7136601214860856; 0.6754489257837651; 
20; 0.0; 0.6404859443424212; 0.7144370673823986; 0.6754433954046386; 
7; 0.2; 0.6428167820313604; 0.7111880209069078; 0.6752761792669555; 
12; 0.05; 0.6397089984461082; 0.7149314874982342; 0.6752317099193397; 
15; 0.0; 0.6397089984461082; 0.7149314874982342; 0.6752317099193397; 
17; 0.05; 0.6401327871168244; 0.7141545416019212; 0.6751207479439044; 
13; 0.0; 0.6402034185619437; 0.7139426472665631; 0.6750653197187699; 
11; 0.0; 0.640062155671705; 0.7140839101568018; 0.6750499054705756; 
10; 0.0; 0.6401327871168244; 0.7133775957056081; 0.6747733809820933; 
19; 0.15000000000000002; 0.6413335216838536; 0.7118237039129821; 0.6747425860246243; 
7; 0.0; 0.639285209775392; 0.7142958044921599; 0.6747120983571843; 
4; 0.1; 0.6399915242265857; 0.7133775957056081; 0.6746948901089207; 
12; 0.1; 0.6405565757875407; 0.7126712812544145; 0.6746924004067316; 
7; 0.1; 0.6405565757875407; 0.712600649809295; 0.6746607467502345; 
6; 0.1; 0.6411216273484955; 0.7118237039129821; 0.6746252947447808; 
19; 0.1; 0.6391439468851533; 0.7140132787116824; 0.6745073764549551; 
9; 0.05; 0.6401327871168244; 0.7126712812544145; 0.6744572465941376; 
16; 0.15000000000000002; 0.6389320525497951; 0.713730752931205; 0.6742633169041492; 
16; 0.0; 0.6378725808730047; 0.7149314874982342; 0.674207305758529; 
4; 0.2; 0.6428874134764797; 0.7085040259923718; 0.6741027172510916; 
11; 0.25; 0.6426755191411216; 0.7087159203277299; 0.6740820738056776; 
16; 0.25; 0.6426755191411216; 0.7087159203277299; 0.6740820738056776; 
14; 0.25; 0.6426755191411216; 0.7087159203277299; 0.6740820738056776; 
15; 0.25; 0.6426755191411216; 0.7087159203277299; 0.6740820738056776; 
12; 0.25; 0.6426755191411216; 0.7087159203277299; 0.6740820738056776; 
17; 0.25; 0.6426755191411216; 0.7087159203277299; 0.6740820738056776; 
18; 0.25; 0.6426755191411216; 0.7087159203277299; 0.6740820738056776; 
20; 0.25; 0.6426755191411216; 0.7087159203277299; 0.6740820738056776; 
19; 0.25; 0.6426755191411216; 0.7087159203277299; 0.6740820738056776; 
13; 0.25; 0.6426755191411216; 0.7087159203277299; 0.6740820738056776; 
2; 0.49999999999999994; 0.6421810990252861; 0.7092809718886849; 0.6740652865487533; 
11; 0.1; 0.6393558412205114; 0.7127419126995338; 0.6740573362332111; 
13; 0.1; 0.6380138437632434; 0.7142958044921599; 0.6740033429413643; 
5; 0.25; 0.6391439468851533; 0.7128831755897725; 0.6740027014848868; 
4; 0.05; 0.639285209775392; 0.712600649809295; 0.6739549092397; 
3; 0.15000000000000002; 0.6404153128973019; 0.7111880209069078; 0.6739487652135173; 
10; 0.15000000000000002; 0.6399208927814664; 0.7116824410227434; 0.6738966258012181; 
13; 0.15000000000000002; 0.639285209775392; 0.7124593869190564; 0.6738917244230723; 
5; 0.15000000000000002; 0.6413335216838536; 0.7099166548947592; 0.6738846089011983; 
9; 0.15000000000000002; 0.640062155671705; 0.7114705466873852; 0.6738799157649422; 
10; 0.1; 0.6409097330131375; 0.7104110750105948; 0.6738731020955611; 
18; 0.0; 0.6390026839949146; 0.7126712812544145; 0.6738294488695917; 
14; 0.15000000000000002; 0.6403446814521825; 0.7109054951264303; 0.6737827838394456; 
18; 0.05; 0.6398502613363469; 0.7114705466873852; 0.6737624589631008; 
8; 0.1; 0.6399915242265857; 0.7111880209069078; 0.6737140258690528; 
6; 0.25; 0.641192258793615; 0.7096341291142817; 0.6736793332391582; 
20; 0.2; 0.6411216273484955; 0.7096341291142817; 0.6736403461587884; 
8; 0.05; 0.6382963695437208; 0.7130244384800113; 0.6735941721245935; 
5; 0.05; 0.6402740500070632; 0.7104817064557141; 0.6735533015081623; 
3; 0.0; 0.6398502613363469; 0.7109761265715496; 0.6735406777110241; 
13; 0.2; 0.6405565757875407; 0.7097753920045204; 0.6733918851437385; 
8; 0.2; 0.640062155671705; 0.7103404435654753; 0.6733725717443734; 
12; 0.15000000000000002; 0.638508263879079; 0.7122474925836982; 0.6733651258059645; 
17; 0.2; 0.6390026839949146; 0.7116118095776239; 0.6733555110604291; 
17; 0.0; 0.6368837406413336; 0.7141545416019212; 0.673309441826069; 
18; 0.2; 0.6409097330131375; 0.7091397089984461; 0.673300587993293; 
20; 0.15000000000000002; 0.6401327871168244; 0.7099872863398785; 0.673252919288341; 
3; 0.05; 0.6393558412205114; 0.7108348636813109; 0.6732033046707706; 
5; 0.0; 0.6396383670009889; 0.710269812120356; 0.6731062597909108; 
4; 0.15000000000000002; 0.6397796298912276; 0.7100579177849978; 0.6730892804454514; 
10; 0.25; 0.6402740500070632; 0.7094222347789235; 0.6730768285384837; 
15; 0.2; 0.6396383670009889; 0.7100579177849978; 0.6730110946110148; 
15; 0.15000000000000002; 0.6395677355558694; 0.7099872863398785; 0.6729402708753441; 
17; 0.15000000000000002; 0.6387907896595564; 0.7108348636813109; 0.6728899421324864; 
19; 0.2; 0.6384376324339596; 0.7111880209069078; 0.6728520536924366; 
5; 0.1; 0.6390733154400339; 0.7101991806752366; 0.6727615753284343; 
15; 0.05; 0.6375900550925272; 0.7120355982483402; 0.6727596132915812; 
8; 0.15000000000000002; 0.6381551066534822; 0.7113292837971464; 0.6727583041041786; 
11; 0.15000000000000002; 0.6396383670009889; 0.7094222347789235; 0.6727254197024013; 
12; 0.2; 0.639285209775392; 0.7097753920045204; 0.6726886987469021; 
14; 0.2; 0.6401327871168244; 0.7087159203277299; 0.6726807756118989; 
2; 0.44999999999999996; 0.6416866789094505; 0.7065263455290295; 0.6725473437899449; 
7; 0.25; 0.6415454160192118; 0.7065263455290295; 0.6724697470858404; 
8; 0.25; 0.6421104675801667; 0.7056787681875971; 0.6723955226489304; 
11; 0.2; 0.6375900550925272; 0.7106229693459528; 0.6721284099209887; 
3; 0.1; 0.6378725808730047; 0.710269812120356; 0.6721272775458621; 
16; 0.39999999999999997; 0.6394971041107501; 0.708150868766775; 0.6720752584711092; 
4; 0.39999999999999997; 0.6394971041107501; 0.708150868766775; 0.6720752584711092; 
7; 0.39999999999999997; 0.6394971041107501; 0.708150868766775; 0.6720752584711092; 
20; 0.39999999999999997; 0.6394971041107501; 0.708150868766775; 0.6720752584711092; 
18; 0.39999999999999997; 0.6394971041107501; 0.708150868766775; 0.6720752584711092; 
14; 0.39999999999999997; 0.6394971041107501; 0.708150868766775; 0.6720752584711092; 
6; 0.39999999999999997; 0.6394971041107501; 0.708150868766775; 0.6720752584711092; 
10; 0.39999999999999997; 0.6394971041107501; 0.708150868766775; 0.6720752584711092; 
12; 0.39999999999999997; 0.6394971041107501; 0.708150868766775; 0.6720752584711092; 
8; 0.39999999999999997; 0.6394971041107501; 0.708150868766775; 0.6720752584711092; 
9; 0.39999999999999997; 0.6394971041107501; 0.708150868766775; 0.6720752584711092; 
11; 0.39999999999999997; 0.6394971041107501; 0.708150868766775; 0.6720752584711092; 
5; 0.39999999999999997; 0.6394971041107501; 0.708150868766775; 0.6720752584711092; 
19; 0.39999999999999997; 0.6394971041107501; 0.708150868766775; 0.6720752584711092; 
15; 0.39999999999999997; 0.6394971041107501; 0.708150868766775; 0.6720752584711092; 
13; 0.39999999999999997; 0.6394971041107501; 0.708150868766775; 0.6720752584711092; 
17; 0.39999999999999997; 0.6394971041107501; 0.708150868766775; 0.6720752584711092; 
16; 0.2; 0.6396383670009889; 0.7079389744314168; 0.6720577967871388; 
6; 0.15000000000000002; 0.6374487922022885; 0.7106229693459528; 0.6720499107562845; 
3; 0.2; 0.6369543720864529; 0.7110467580166691; 0.6719643346915715; 
6; 0.2; 0.6401327871168244; 0.7070913970899845; 0.6719481316794096; 
9; 0.2; 0.6394264726656307; 0.7072326599802232; 0.6716224977237973; 
10; 0.2; 0.6370956349766916; 0.7100579177849978; 0.6716009456740608; 
4; 0.25; 0.6393558412205114; 0.7072326599802232; 0.6715835340300006; 
3; 0.25; 0.6370250035315722; 0.7098460234496398; 0.6714669133664377; 
9; 0.25; 0.6387907896595564; 0.7076564486509394; 0.6714625107904417; 
2; 0.3; 0.640062155671705; 0.7057493996327164; 0.6713027248317074; 
5; 0.2; 0.6368837406413336; 0.709492866224043; 0.6712304243775256; 
13; 0.44999999999999996; 0.6409097330131375; 0.7044780336205678; 0.6711921122504234; 
10; 0.44999999999999996; 0.6409097330131375; 0.7044780336205678; 0.6711921122504234; 
4; 0.44999999999999996; 0.6409097330131375; 0.7044780336205678; 0.6711921122504234; 
19; 0.44999999999999996; 0.6409097330131375; 0.7044780336205678; 0.6711921122504234; 
18; 0.44999999999999996; 0.6409097330131375; 0.7044780336205678; 0.6711921122504234; 
16; 0.44999999999999996; 0.6409097330131375; 0.7044780336205678; 0.6711921122504234; 
20; 0.44999999999999996; 0.6409097330131375; 0.7044780336205678; 0.6711921122504234; 
3; 0.44999999999999996; 0.6409097330131375; 0.7044780336205678; 0.6711921122504234; 
7; 0.44999999999999996; 0.6409097330131375; 0.7044780336205678; 0.6711921122504234; 
5; 0.44999999999999996; 0.6409097330131375; 0.7044780336205678; 0.6711921122504234; 
9; 0.44999999999999996; 0.6409097330131375; 0.7044780336205678; 0.6711921122504234; 
8; 0.44999999999999996; 0.6409097330131375; 0.7044780336205678; 0.6711921122504234; 
14; 0.44999999999999996; 0.6409097330131375; 0.7044780336205678; 0.6711921122504234; 
12; 0.44999999999999996; 0.6409097330131375; 0.7044780336205678; 0.6711921122504234; 
17; 0.44999999999999996; 0.6409097330131375; 0.7044780336205678; 0.6711921122504234; 
6; 0.44999999999999996; 0.6409097330131375; 0.7044780336205678; 0.6711921122504234; 
15; 0.44999999999999996; 0.6409097330131375; 0.7044780336205678; 0.6711921122504234; 
11; 0.44999999999999996; 0.6409097330131375; 0.7044780336205678; 0.6711921122504234; 
3; 0.3; 0.6390733154400339; 0.7058906625229552; 0.6708222575892971; 
15; 0.49999999999999994; 0.6388614211046758; 0.7053962424071196; 0.6704822417583435; 
6; 0.49999999999999994; 0.6388614211046758; 0.7053962424071196; 0.6704822417583435; 
9; 0.49999999999999994; 0.6388614211046758; 0.7053962424071196; 0.6704822417583435; 
18; 0.49999999999999994; 0.6388614211046758; 0.7053962424071196; 0.6704822417583435; 
3; 0.49999999999999994; 0.6388614211046758; 0.7053962424071196; 0.6704822417583435; 
8; 0.49999999999999994; 0.6388614211046758; 0.7053962424071196; 0.6704822417583435; 
13; 0.49999999999999994; 0.6388614211046758; 0.7053962424071196; 0.6704822417583435; 
17; 0.49999999999999994; 0.6388614211046758; 0.7053962424071196; 0.6704822417583435; 
4; 0.49999999999999994; 0.6388614211046758; 0.7053962424071196; 0.6704822417583435; 
11; 0.49999999999999994; 0.6388614211046758; 0.7053962424071196; 0.6704822417583435; 
19; 0.49999999999999994; 0.6388614211046758; 0.7053962424071196; 0.6704822417583435; 
7; 0.49999999999999994; 0.6388614211046758; 0.7053962424071196; 0.6704822417583435; 
16; 0.49999999999999994; 0.6388614211046758; 0.7053962424071196; 0.6704822417583435; 
5; 0.49999999999999994; 0.6388614211046758; 0.7053962424071196; 0.6704822417583435; 
14; 0.49999999999999994; 0.6388614211046758; 0.7053962424071196; 0.6704822417583435; 
12; 0.49999999999999994; 0.6388614211046758; 0.7053962424071196; 0.6704822417583435; 
10; 0.49999999999999994; 0.6388614211046758; 0.7053962424071196; 0.6704822417583435; 
20; 0.49999999999999994; 0.6388614211046758; 0.7053962424071196; 0.6704822417583435; 
5; 0.35; 0.6364599519706173; 0.708150868766775; 0.6703942300212649; 
3; 0.39999999999999997; 0.6373781607571691; 0.7063144511936714; 0.6700779654722131; 
2; 0.0; 0.6364599519706173; 0.7068795027546264; 0.6698239864684724; 
14; 0.3; 0.6354004802938268; 0.7080096058765363; 0.6697428406377833; 
16; 0.3; 0.6354004802938268; 0.7080096058765363; 0.6697428406377833; 
19; 0.3; 0.6354004802938268; 0.7080096058765363; 0.6697428406377833; 
20; 0.3; 0.6354004802938268; 0.7080096058765363; 0.6697428406377833; 
7; 0.3; 0.6354004802938268; 0.7080096058765363; 0.6697428406377833; 
17; 0.3; 0.6354004802938268; 0.7080096058765363; 0.6697428406377833; 
10; 0.3; 0.6354004802938268; 0.7080096058765363; 0.6697428406377833; 
13; 0.3; 0.6354004802938268; 0.7080096058765363; 0.6697428406377833; 
5; 0.3; 0.6354004802938268; 0.7080096058765363; 0.6697428406377833; 
8; 0.3; 0.6354004802938268; 0.7080096058765363; 0.6697428406377833; 
11; 0.3; 0.6354004802938268; 0.7080096058765363; 0.6697428406377833; 
18; 0.3; 0.6354004802938268; 0.7080096058765363; 0.6697428406377833; 
6; 0.3; 0.6354004802938268; 0.7080096058765363; 0.6697428406377833; 
12; 0.3; 0.6354004802938268; 0.7080096058765363; 0.6697428406377833; 
9; 0.3; 0.6354004802938268; 0.7080096058765363; 0.6697428406377833; 
15; 0.3; 0.6354004802938268; 0.7080096058765363; 0.6697428406377833; 
4; 0.3; 0.6359655318547818; 0.7063144511936714; 0.6692964974266278; 
2; 0.05; 0.635824268964543; 0.7057493996327164; 0.6689645251651799; 
2; 0.15000000000000002; 0.635824268964543; 0.7057493996327164; 0.6689645251651799; 
2; 0.2; 0.635824268964543; 0.7057493996327164; 0.6689645251651799; 
2; 0.1; 0.635824268964543; 0.7057493996327164; 0.6689645251651799; 
4; 0.35; 0.6358949004096623; 0.7052549795168809; 0.6687813967337769; 
2; 0.25; 0.6377313179827659; 0.7028535103828224; 0.6687106791619076; 
11; 0.35; 0.6361067947450205; 0.7045486650656873; 0.6685807151974691; 
9; 0.35; 0.6361067947450205; 0.7045486650656873; 0.6685807151974691; 
10; 0.35; 0.6361067947450205; 0.7045486650656873; 0.6685807151974691; 
16; 0.35; 0.6361067947450205; 0.7045486650656873; 0.6685807151974691; 
7; 0.35; 0.6361067947450205; 0.7045486650656873; 0.6685807151974691; 
15; 0.35; 0.6361067947450205; 0.7045486650656873; 0.6685807151974691; 
6; 0.35; 0.6361067947450205; 0.7045486650656873; 0.6685807151974691; 
14; 0.35; 0.6361067947450205; 0.7045486650656873; 0.6685807151974691; 
17; 0.35; 0.6361067947450205; 0.7045486650656873; 0.6685807151974691; 
8; 0.35; 0.6361067947450205; 0.7045486650656873; 0.6685807151974691; 
12; 0.35; 0.6361067947450205; 0.7045486650656873; 0.6685807151974691; 
20; 0.35; 0.6361067947450205; 0.7045486650656873; 0.6685807151974691; 
18; 0.35; 0.6361067947450205; 0.7045486650656873; 0.6685807151974691; 
13; 0.35; 0.6361067947450205; 0.7045486650656873; 0.6685807151974691; 
19; 0.35; 0.6361067947450205; 0.7045486650656873; 0.6685807151974691; 
2; 0.39999999999999997; 0.6356830060743043; 0.7049724537364035; 0.6685371775594153; 
2; 0.35; 0.6357536375194236; 0.7046192965108066; 0.6684173776565073; 
3; 0.35; 0.6327871168244102; 0.7063144511936714; 0.6675321660682634; 
