maxIt; stop; purity; collocation; fscore
1; 0.44999999999999996; 0.6950840514196921; 0.7175448509676507; 0.7061358878372651; 
1; 0.49999999999999994; 0.6950840514196921; 0.7175448509676507; 0.7061358878372651; 
1; 0.2; 0.6950840514196921; 0.7175448509676507; 0.7061358878372651; 
1; 0.1; 0.6950840514196921; 0.7175448509676507; 0.7061358878372651; 
1; 0.3; 0.6950840514196921; 0.7175448509676507; 0.7061358878372651; 
1; 0.15000000000000002; 0.6950840514196921; 0.7175448509676507; 0.7061358878372651; 
1; 0.05; 0.6950840514196921; 0.7175448509676507; 0.7061358878372651; 
1; 0.25; 0.6950840514196921; 0.7175448509676507; 0.7061358878372651; 
1; 0.35; 0.6950840514196921; 0.7175448509676507; 0.7061358878372651; 
1; 0.39999999999999997; 0.6950840514196921; 0.7175448509676507; 0.7061358878372651; 
1; 0.0; 0.6960728916513632; 0.7144370673823986; 0.7051354330549362; 
18; 0.05; 0.654470970476056; 0.7405000706314451; 0.6948327751363008; 
13; 0.0; 0.6565192823845176; 0.7370391298205962; 0.6944529864858026; 
8; 0.0; 0.6546122333662947; 0.7389461788388191; 0.6942273882897289; 
14; 0.05; 0.6563780194942789; 0.7362621839242831; 0.6940289572661523; 
14; 0.1; 0.6553891792626078; 0.7373216556010735; 0.6939453942917498; 
13; 0.05; 0.6536940245797429; 0.7393699675095352; 0.6938973836942401; 
15; 0.1; 0.6551066534821303; 0.7375335499364317; 0.6938807806116959; 
6; 0.05; 0.6540471818053397; 0.7384517587229835; 0.6936914314760159; 
9; 0.15000000000000002; 0.6574374911710693; 0.7341432405707021; 0.6936763052717587; 
13; 0.15000000000000002; 0.6560248622686821; 0.7359090266986863; 0.6936746374361799; 
12; 0.1; 0.6560954937138014; 0.7354852380279701; 0.6935257716010368; 
10; 0.0; 0.6529170786834299; 0.739511230399774; 0.6935215393948981; 
18; 0.0; 0.6534821302443848; 0.7387342845034609; 0.6934980062123708; 
20; 0.0; 0.6534114987992654; 0.7388049159485803; 0.6934893488346929; 
15; 0.05; 0.6555304421528464; 0.736050289588925; 0.693460840287769; 
6; 0.0; 0.6543297075858172; 0.7372510241559542; 0.693319814006777; 
14; 0.0; 0.6521401327871168; 0.7398643876253708; 0.6932380648411862; 
11; 0.05; 0.6536940245797429; 0.7376748128266705; 0.6931499459577476; 
4; 0.0; 0.654682864811414; 0.7362621839242831; 0.6930801993392759; 
5; 0.1; 0.6551772849272496; 0.7354146065828507; 0.6929810941347544; 
12; 0.05; 0.6529170786834299; 0.738169232942506; 0.692930834152884; 
4; 0.1; 0.654470970476056; 0.7361915524791637; 0.6929301564601484; 
11; 0.0; 0.6532702359090267; 0.7376748128266705; 0.6929116278712106; 
10; 0.15000000000000002; 0.6544003390309365; 0.7361915524791637; 0.6928905662047391; 
12; 0.15000000000000002; 0.6530583415736686; 0.7378160757169092; 0.6928547060815095; 
7; 0.0; 0.6524932900127136; 0.7384517587229835; 0.6928164674841741; 
19; 0.0; 0.6522107642322362; 0.7386636530583416; 0.6927503729779328; 
14; 0.15000000000000002; 0.6538352874699817; 0.7365447097047606; 0.6927299342379446; 
8; 0.15000000000000002; 0.6542590761406979; 0.7359796581438056; 0.6927175301921528; 
3; 0.39999999999999997; 0.6566605452747564; 0.7327306116683148; 0.6926131357511385; 
9; 0.05; 0.6524226585675943; 0.7380279700522673; 0.6925901005153707; 
11; 0.15000000000000002; 0.6541884446955785; 0.7357677638084476; 0.6925840772797237; 
11; 0.1; 0.6535527616895042; 0.7364740782596412; 0.6925401063146809; 
15; 0.0; 0.6519282384517587; 0.7385223901681028; 0.6925288693743361; 
7; 0.15000000000000002; 0.6530583415736686; 0.7370391298205962; 0.6925119449541417; 
12; 0.0; 0.651998869896878; 0.7383104958327448; 0.6924755321105533; 
13; 0.2; 0.6550360220370108; 0.7344257663511795; 0.6924628463949613; 
7; 0.1; 0.6534821302443848; 0.7363328153694024; 0.6924379943891561; 
5; 0.0; 0.6536940245797429; 0.736050289588925; 0.6924319404498375; 
15; 0.49999999999999994; 0.6574374911710693; 0.7313179827659274; 0.6924125504613216; 
6; 0.49999999999999994; 0.6574374911710693; 0.7313179827659274; 0.6924125504613216; 
9; 0.49999999999999994; 0.6574374911710693; 0.7313179827659274; 0.6924125504613216; 
18; 0.49999999999999994; 0.6574374911710693; 0.7313179827659274; 0.6924125504613216; 
8; 0.49999999999999994; 0.6574374911710693; 0.7313179827659274; 0.6924125504613216; 
13; 0.49999999999999994; 0.6574374911710693; 0.7313179827659274; 0.6924125504613216; 
17; 0.49999999999999994; 0.6574374911710693; 0.7313179827659274; 0.6924125504613216; 
4; 0.49999999999999994; 0.6574374911710693; 0.7313179827659274; 0.6924125504613216; 
11; 0.49999999999999994; 0.6574374911710693; 0.7313179827659274; 0.6924125504613216; 
19; 0.49999999999999994; 0.6574374911710693; 0.7313179827659274; 0.6924125504613216; 
7; 0.49999999999999994; 0.6574374911710693; 0.7313179827659274; 0.6924125504613216; 
16; 0.49999999999999994; 0.6574374911710693; 0.7313179827659274; 0.6924125504613216; 
5; 0.49999999999999994; 0.6574374911710693; 0.7313179827659274; 0.6924125504613216; 
14; 0.49999999999999994; 0.6574374911710693; 0.7313179827659274; 0.6924125504613216; 
12; 0.49999999999999994; 0.6574374911710693; 0.7313179827659274; 0.6924125504613216; 
10; 0.49999999999999994; 0.6574374911710693; 0.7313179827659274; 0.6924125504613216; 
20; 0.49999999999999994; 0.6574374911710693; 0.7313179827659274; 0.6924125504613216; 
17; 0.1; 0.6546122333662947; 0.734708292131657; 0.6923514439731772; 
17; 0.05; 0.6513631868908037; 0.7387342845034609; 0.6923029898573158; 
6; 0.15000000000000002; 0.654682864811414; 0.7344963977962989; 0.6922968386387934; 
10; 0.1; 0.6527051843480718; 0.7369684983754767; 0.6922821746874491; 
20; 0.15000000000000002; 0.6563780194942789; 0.7323068229975985; 0.6922666503348439; 
11; 0.25; 0.654682864811414; 0.7343551349060602; 0.6922340837429342; 
16; 0.25; 0.654682864811414; 0.7343551349060602; 0.6922340837429342; 
10; 0.25; 0.654682864811414; 0.7343551349060602; 0.6922340837429342; 
9; 0.25; 0.654682864811414; 0.7343551349060602; 0.6922340837429342; 
14; 0.25; 0.654682864811414; 0.7343551349060602; 0.6922340837429342; 
7; 0.25; 0.654682864811414; 0.7343551349060602; 0.6922340837429342; 
15; 0.25; 0.654682864811414; 0.7343551349060602; 0.6922340837429342; 
8; 0.25; 0.654682864811414; 0.7343551349060602; 0.6922340837429342; 
12; 0.25; 0.654682864811414; 0.7343551349060602; 0.6922340837429342; 
17; 0.25; 0.654682864811414; 0.7343551349060602; 0.6922340837429342; 
18; 0.25; 0.654682864811414; 0.7343551349060602; 0.6922340837429342; 
20; 0.25; 0.654682864811414; 0.7343551349060602; 0.6922340837429342; 
19; 0.25; 0.654682864811414; 0.7343551349060602; 0.6922340837429342; 
13; 0.25; 0.654682864811414; 0.7343551349060602; 0.6922340837429342; 
16; 0.0; 0.65178697556152; 0.7380279700522673; 0.692231753584624; 
18; 0.1; 0.6532702359090267; 0.7361209210340444; 0.6922253468195696; 
2; 0.3; 0.6589207515185761; 0.7289871450769883; 0.6921853512898956; 
8; 0.05; 0.6533408673541461; 0.7359090266986863; 0.6921712844539986; 
16; 0.2; 0.6554598107077271; 0.7330837688939116; 0.6921020779628161; 
16; 0.15000000000000002; 0.6539765503602204; 0.7349201864670151; 0.6920897077398385; 
3; 0.15000000000000002; 0.6566605452747564; 0.7315298771012855; 0.692076245793289; 
17; 0.15000000000000002; 0.6540471818053397; 0.7347789235767764; 0.6920666055353658; 
10; 0.05; 0.6519282384517587; 0.7374629184913123; 0.6920627052691589; 
12; 0.2; 0.6548241277016528; 0.7337194518999859; 0.6920304225611444; 
17; 0.0; 0.6500211894335358; 0.7397937561802514; 0.6920081250319514; 
4; 0.15000000000000002; 0.6541178132504591; 0.7344963977962989; 0.6919807873846922; 
16; 0.05; 0.6506568724396101; 0.7388755473936996; 0.6919657950074478; 
7; 0.05; 0.6521401327871168; 0.7369684983754767; 0.6919642187929808; 
5; 0.05; 0.6541178132504591; 0.7344257663511795; 0.6919494401727732; 
10; 0.2; 0.6551772849272496; 0.7330837688939116; 0.6919445474698471; 
6; 0.1; 0.6540471818053397; 0.7344963977962989; 0.6919412628916759; 
5; 0.15000000000000002; 0.6529170786834299; 0.7359090266986863; 0.6919333817629716; 
19; 0.15000000000000002; 0.6536940245797429; 0.7349201864670151; 0.6919314675231154; 
19; 0.1; 0.6526345529029524; 0.7362621839242831; 0.6919306935984922; 
4; 0.35; 0.656801808164995; 0.7308941940952112; 0.6918700168871957; 
16; 0.1; 0.6522813956773555; 0.7364740782596412; 0.6918256650114725; 
9; 0.0; 0.6522813956773555; 0.7364740782596412; 0.6918256650114725; 
3; 0.49999999999999994; 0.6556010735979658; 0.7322361915524792; 0.6918027716413163; 
2; 0.0; 0.656801808164995; 0.7306822997598531; 0.6917750667345626; 
5; 0.25; 0.654470970476056; 0.7335075575646278; 0.6917389474727842; 
20; 0.1; 0.6533408673541461; 0.7349201864670151; 0.691733576679714; 
9; 0.1; 0.6544003390309365; 0.7335075575646278; 0.6916994932148882; 
6; 0.25; 0.6550360220370108; 0.732589348778076; 0.6916454871798713; 
20; 0.05; 0.6517163441164007; 0.7367566040401187; 0.6916322296752646; 
9; 0.2; 0.6548947591467721; 0.7327306116683148; 0.6916296682671906; 
3; 0.1; 0.6549653905918915; 0.7324480858878373; 0.6915431553670941; 
8; 0.1; 0.6527051843480718; 0.735273343692612; 0.6915333539324643; 
3; 0.3; 0.6558835993784433; 0.7311767198756887; 0.6914866097123582; 
3; 0.0; 0.6534821302443848; 0.7338607147902246; 0.691342972532243; 
3; 0.25; 0.6548241277016528; 0.7321655601073598; 0.6913384842649419; 
7; 0.2; 0.6541178132504591; 0.7330131374487922; 0.6913218255423662; 
16; 0.39999999999999997; 0.6558129679333239; 0.7308235626500919; 0.6912894029346072; 
7; 0.39999999999999997; 0.6558129679333239; 0.7308235626500919; 0.6912894029346072; 
20; 0.39999999999999997; 0.6558129679333239; 0.7308235626500919; 0.6912894029346072; 
18; 0.39999999999999997; 0.6558129679333239; 0.7308235626500919; 0.6912894029346072; 
14; 0.39999999999999997; 0.6558129679333239; 0.7308235626500919; 0.6912894029346072; 
10; 0.39999999999999997; 0.6558129679333239; 0.7308235626500919; 0.6912894029346072; 
12; 0.39999999999999997; 0.6558129679333239; 0.7308235626500919; 0.6912894029346072; 
8; 0.39999999999999997; 0.6558129679333239; 0.7308235626500919; 0.6912894029346072; 
9; 0.39999999999999997; 0.6558129679333239; 0.7308235626500919; 0.6912894029346072; 
11; 0.39999999999999997; 0.6558129679333239; 0.7308235626500919; 0.6912894029346072; 
19; 0.39999999999999997; 0.6558129679333239; 0.7308235626500919; 0.6912894029346072; 
15; 0.39999999999999997; 0.6558129679333239; 0.7308235626500919; 0.6912894029346072; 
13; 0.39999999999999997; 0.6558129679333239; 0.7308235626500919; 0.6912894029346072; 
17; 0.39999999999999997; 0.6558129679333239; 0.7308235626500919; 0.6912894029346072; 
3; 0.35; 0.6554598107077271; 0.7311767198756887; 0.6912510147154025; 
5; 0.39999999999999997; 0.6544003390309365; 0.7324480858878373; 0.6912280637383053; 
15; 0.15000000000000002; 0.6545416019211753; 0.7320949286622405; 0.6911495215885272; 
6; 0.2; 0.6550360220370108; 0.7313179827659274; 0.6910783546129213; 
13; 0.44999999999999996; 0.6558129679333239; 0.7301172481988981; 0.6909732595583293; 
10; 0.44999999999999996; 0.6558129679333239; 0.7301172481988981; 0.6909732595583293; 
4; 0.44999999999999996; 0.6558129679333239; 0.7301172481988981; 0.6909732595583293; 
19; 0.44999999999999996; 0.6558129679333239; 0.7301172481988981; 0.6909732595583293; 
18; 0.44999999999999996; 0.6558129679333239; 0.7301172481988981; 0.6909732595583293; 
16; 0.44999999999999996; 0.6558129679333239; 0.7301172481988981; 0.6909732595583293; 
20; 0.44999999999999996; 0.6558129679333239; 0.7301172481988981; 0.6909732595583293; 
7; 0.44999999999999996; 0.6558129679333239; 0.7301172481988981; 0.6909732595583293; 
5; 0.44999999999999996; 0.6558129679333239; 0.7301172481988981; 0.6909732595583293; 
9; 0.44999999999999996; 0.6558129679333239; 0.7301172481988981; 0.6909732595583293; 
8; 0.44999999999999996; 0.6558129679333239; 0.7301172481988981; 0.6909732595583293; 
14; 0.44999999999999996; 0.6558129679333239; 0.7301172481988981; 0.6909732595583293; 
12; 0.44999999999999996; 0.6558129679333239; 0.7301172481988981; 0.6909732595583293; 
17; 0.44999999999999996; 0.6558129679333239; 0.7301172481988981; 0.6909732595583293; 
6; 0.44999999999999996; 0.6558129679333239; 0.7301172481988981; 0.6909732595583293; 
15; 0.44999999999999996; 0.6558129679333239; 0.7301172481988981; 0.6909732595583293; 
11; 0.44999999999999996; 0.6558129679333239; 0.7301172481988981; 0.6909732595583293; 
19; 0.05; 0.6506568724396101; 0.7364034468145219; 0.6908797792092245; 
18; 0.2; 0.6544003390309365; 0.7314592456561662; 0.6907874125686131; 
13; 0.1; 0.6527758157931911; 0.7333662946743891; 0.6907282848795622; 
18; 0.15000000000000002; 0.6512925554456844; 0.7351320808023732; 0.6906773566741743; 
19; 0.2; 0.6545416019211753; 0.7310354569854499; 0.6906770229784538; 
20; 0.2; 0.6535527616895042; 0.7321655601073598; 0.690629280562047; 
6; 0.39999999999999997; 0.6531289730187879; 0.7326599802231953; 0.6906123177496317; 
5; 0.2; 0.6541178132504591; 0.7313886142110467; 0.6905984865628573; 
3; 0.2; 0.6535527616895042; 0.732024297217121; 0.6905664293368019; 
3; 0.44999999999999996; 0.6540471818053397; 0.7311767198756887; 0.6904646569497122; 
6; 0.35; 0.652563921457833; 0.7329425060036728; 0.6904216775048871; 
4; 0.25; 0.6543297075858172; 0.7306822997598531; 0.6904014304630811; 
11; 0.2; 0.6531996044639073; 0.731812402881763; 0.6902749861645717; 
17; 0.2; 0.6528464472383105; 0.7321655601073598; 0.690234715903139; 
4; 0.39999999999999997; 0.652563921457833; 0.7320949286622405; 0.690045403581967; 
5; 0.35; 0.6531289730187879; 0.7313179827659274; 0.6900155488634794; 
2; 0.35; 0.6557423364882046; 0.7280689362904365; 0.690015516998817; 
2; 0.39999999999999997; 0.6557423364882046; 0.7280689362904365; 0.690015516998817; 
3; 0.05; 0.6517163441164007; 0.7330837688939116; 0.6900095823303195; 
15; 0.2; 0.6527758157931911; 0.7316711399915242; 0.6899754783737224; 
4; 0.2; 0.653905918915101; 0.7301172481988981; 0.6899132925568154; 
4; 0.05; 0.6502330837688939; 0.7343551349060602; 0.6897386493848074; 
14; 0.2; 0.6535527616895042; 0.7301172481988981; 0.6897166817339873; 
8; 0.2; 0.6534821302443848; 0.7301878796440175; 0.6897088578322051; 
11; 0.35; 0.6529877101285493; 0.7300466167537788; 0.6893704072201302; 
9; 0.35; 0.6529877101285493; 0.7300466167537788; 0.6893704072201302; 
10; 0.35; 0.6529877101285493; 0.7300466167537788; 0.6893704072201302; 
16; 0.35; 0.6529877101285493; 0.7300466167537788; 0.6893704072201302; 
7; 0.35; 0.6529877101285493; 0.7300466167537788; 0.6893704072201302; 
15; 0.35; 0.6529877101285493; 0.7300466167537788; 0.6893704072201302; 
14; 0.35; 0.6529877101285493; 0.7300466167537788; 0.6893704072201302; 
17; 0.35; 0.6529877101285493; 0.7300466167537788; 0.6893704072201302; 
8; 0.35; 0.6529877101285493; 0.7300466167537788; 0.6893704072201302; 
12; 0.35; 0.6529877101285493; 0.7300466167537788; 0.6893704072201302; 
20; 0.35; 0.6529877101285493; 0.7300466167537788; 0.6893704072201302; 
18; 0.35; 0.6529877101285493; 0.7300466167537788; 0.6893704072201302; 
13; 0.35; 0.6529877101285493; 0.7300466167537788; 0.6893704072201302; 
19; 0.35; 0.6529877101285493; 0.7300466167537788; 0.6893704072201302; 
4; 0.3; 0.6540471818053397; 0.728351462070914; 0.689202384914844; 
2; 0.25; 0.653905918915101; 0.7284927249611527; 0.6891871702115625; 
14; 0.3; 0.6533408673541461; 0.7287046192965108; 0.6889679285013262; 
16; 0.3; 0.6533408673541461; 0.7287046192965108; 0.6889679285013262; 
19; 0.3; 0.6533408673541461; 0.7287046192965108; 0.6889679285013262; 
20; 0.3; 0.6533408673541461; 0.7287046192965108; 0.6889679285013262; 
7; 0.3; 0.6533408673541461; 0.7287046192965108; 0.6889679285013262; 
17; 0.3; 0.6533408673541461; 0.7287046192965108; 0.6889679285013262; 
10; 0.3; 0.6533408673541461; 0.7287046192965108; 0.6889679285013262; 
13; 0.3; 0.6533408673541461; 0.7287046192965108; 0.6889679285013262; 
5; 0.3; 0.6533408673541461; 0.7287046192965108; 0.6889679285013262; 
8; 0.3; 0.6533408673541461; 0.7287046192965108; 0.6889679285013262; 
11; 0.3; 0.6533408673541461; 0.7287046192965108; 0.6889679285013262; 
18; 0.3; 0.6533408673541461; 0.7287046192965108; 0.6889679285013262; 
6; 0.3; 0.6533408673541461; 0.7287046192965108; 0.6889679285013262; 
12; 0.3; 0.6533408673541461; 0.7287046192965108; 0.6889679285013262; 
9; 0.3; 0.6533408673541461; 0.7287046192965108; 0.6889679285013262; 
15; 0.3; 0.6533408673541461; 0.7287046192965108; 0.6889679285013262; 
2; 0.49999999999999994; 0.6534114987992654; 0.7280689362904365; 0.6887229131983054; 
2; 0.44999999999999996; 0.6534114987992654; 0.7280689362904365; 0.6887229131983054; 
2; 0.05; 0.6553891792626078; 0.7250317841503037; 0.688453737733388; 
2; 0.15000000000000002; 0.6553891792626078; 0.7250317841503037; 0.688453737733388; 
2; 0.2; 0.6553891792626078; 0.7250317841503037; 0.688453737733388; 
2; 0.1; 0.6553891792626078; 0.7250317841503037; 0.688453737733388; 
