%META:TOPICINFO{author="KaiMichaelHoever" date="1179862636" format="1.1" reprev="1" version="1"}%
%META:TOPICPARENT{name="KaisBlog"}%
<verbatim>
# Generated by ExperimentLog Correlation[edu.udo.cs.yale.datatable.SimpleDataTable]
# C	gamma	Correlation Performance	Spearman Performance
0.0	0.0	0.4715512363372918	0.4011813768517441
0.0	0.0	0.38990368328478114	0.4702114886726124
0.0	0.0	0.5911412455627868	0.558321094931158
0.0	0.0	0.5417043920690386	0.5479087441809932
0.0	0.0	0.4153426240202658	0.44034618728629416
0.0	0.0	0.502620913241877	0.5395967206035075
0.03125	0.0	0.41926478334216577	0.4163596245820281
0.03125	0.0	0.691155933256308	0.5775095114477191
0.03125	0.0	0.457631487515105	0.5334994875695437
0.03125	0.0	0.41501275645458635	0.453174332659393
0.03125	0.0	0.48876792624346277	0.4753146250430573
0.03125	0.0	0.44175939471787146	0.4249319895141136
0.125	0.0	0.5363094170117934	0.47464857924713
0.125	0.0	0.4338180964030693	0.49091658840754865
0.125	0.0	0.47722137284425487	0.44986593164288524
0.125	0.0	0.5306999327410503	0.4023384204915505
0.125	0.0	0.4902335699046933	0.44803253542772153
0.125	0.0	0.5552760187861339	0.4876067671745525
0.125	0.0	0.5264166981096784	0.5646323586792561
0.5	0.0	0.4748312174691607	0.48194036336632484
0.5	0.0	0.4067708139442825	0.41161436203077834
0.5	0.0	0.6366622542842835	0.5505656169595293
0.5	0.0	0.4995497453511655	0.5359376172874741
0.5	0.0	0.6027765771533768	0.5142105355414137
0.5	0.0	0.3786697874325797	0.43113736295272254
0.5	0.0	0.5377256931452487	0.5648374680004874
0.5	0.0	0.4690118046360734	0.44248655359668476
2.0	0.0	0.4998769577668042	0.3448737068456575
2.0	0.0	0.5794856011586708	0.5671651202567295
2.0	0.0	0.5127321160312381	0.574810683673202
2.0	0.0	0.5116111653514116	0.4943543853003545
2.0	0.0	0.5536301233854238	0.560701972254814
2.0	0.0	0.4679233886646248	0.5124460852211384
2.0	0.0	0.438773846299946	0.5554475510555991
2.0	0.0	0.6216939838382539	0.5710124734606143
8.0	0.0	0.6324650710872527	0.5607429856553862
8.0	0.0	0.539973261276049	0.5686839825319882
8.0	0.0	0.6715572105910369	0.6867339569821309
8.0	0.0	0.5087976204267187	0.5513563380590651
8.0	0.0	0.5260504671791761	0.44825966173847404
8.0	0.0	0.49644499480493437	0.44795095934341134
8.0	0.0	0.6667582699698871	0.5844310834707043
32.0	0.0	0.5669934541810887	0.5699305493156696
32.0	0.0	0.6354434190525119	0.5890848766029224
32.0	0.0	0.4708231314448782	0.5017147069824144
32.0	0.0	0.5400169919353363	0.5649240550551203
32.0	0.0	0.6107389122227979	0.4655660037580973
32.0	0.0	0.5310695670110366	0.5463751362765743
32.0	0.0	0.5815710088751168	0.5889586874952099
32.0	0.0	0.6046394004039838	0.5874987236177859
32.0	0.0	0.46121629484528803	0.40998290258906556
128.0	0.0	0.6645753163498813	0.6379242434920687
128.0	0.0	0.5795588205933883	0.4962814921552673
128.0	0.0	0.5550074704168224	0.5164862751577445
128.0	0.0	0.5389263686308193	0.4779808245306996
128.0	0.0	0.585545410631049	0.5315029876101292
128.0	0.0	0.5369312594188425	0.4795046183143584
128.0	0.0	0.4789828611734731	0.4698936121908675
512.0	0.0	0.6434050046221234	0.5579627312826777
512.0	0.0	0.6543976469988251	0.5931374234961113
512.0	0.0	0.5647349528714279	0.46641833788423104
512.0	0.0	0.49204025711057275	0.5102007929427682
512.0	0.0	0.4862587371824769	0.5257786466103163
512.0	0.0	0.6032205876564319	0.5468698078409429
512.0	0.0	0.3823365916271791	0.450629307525021
512.0	0.0	0.3915453070751784	0.38345254985357036
512.0	0.0	0.5146751085910245	0.4866314177547295
2048.0	0.0	0.5231691906380791	0.5000944036799774
2048.0	0.0	0.5376584343213112	0.4983568363163079
2048.0	0.0	0.47396684186538685	0.4830609181475689
2048.0	0.0	0.5072322447477077	0.49986978273852584
2048.0	0.0	0.6006080273945839	0.5406667895770813
8192.0	0.0	0.5177474545428333	0.3745790111027573
8192.0	0.0	0.5262936915354178	0.4007434718920466
8192.0	0.0	0.5304573863962397	0.4917100879775141
8192.0	0.0	0.5090082059314599	0.559845052617393
8192.0	0.0	0.6636218509840155	0.6160202122832384
8192.0	0.0	0.5720290157225647	0.49523184911613866
32768.0	0.0	0.5251777723219292	0.5128245353572233
32768.0	0.0	0.5559745555901993	0.5303423936257977
32768.0	0.0	0.5692457115252068	0.5730302966881948
32768.0	0.0	0.6422793703010446	0.49900148506190845
32768.0	0.0	0.5639293445659529	0.5293439409133327
32768.0	0.0	0.5323226731011345	0.5341503976089056
32768.0	0.0	0.47209953018524264	0.42785129705416375
32768.0	0.0	0.630138384382697	0.6222443612945914
0.0	3.0517578125E-5	0.5364874320499482	0.5013189935590529
0.0	3.0517578125E-5	0.41220150040731457	0.439904910230186
0.0	3.0517578125E-5	0.5938059969269329	0.5393795873694526
0.0	3.0517578125E-5	0.4854247961368459	0.3577608775907864
0.0	3.0517578125E-5	0.5937558904138847	0.5367324058340038
0.0	3.0517578125E-5	0.4344909169020796	0.5092512286948387
0.0	3.0517578125E-5	0.42607299404698923	0.478746367711236
0.0	3.0517578125E-5	0.5076348549936465	0.5410479247438412
0.0	3.0517578125E-5	0.5042147997793547	0.451389801284632
0.03125	3.0517578125E-5	0.3071001450267784	0.3637819654551013
0.03125	3.0517578125E-5	0.512016045371273	0.5178910944819061
0.03125	3.0517578125E-5	0.4871066203435946	0.5239984450218288
0.03125	3.0517578125E-5	0.558016102002372	0.4694678039583241
0.03125	3.0517578125E-5	0.531966465850936	0.4483139557224192
0.03125	3.0517578125E-5	0.5104524780289729	0.5112794207736047
0.03125	3.0517578125E-5	0.4986497304361612	0.49157533550171106
0.03125	3.0517578125E-5	0.4240657802906276	0.4868545795001604
0.125	3.0517578125E-5	0.5049153667484494	0.43577730307380974
0.125	3.0517578125E-5	0.5682921511453158	0.509137566363835
0.125	3.0517578125E-5	0.5841231205860625	0.5291713344783914
0.125	3.0517578125E-5	0.5182332837106318	0.5003196554911387
0.125	3.0517578125E-5	0.3946419829217676	0.30219761354374397
0.125	3.0517578125E-5	0.33617422642302647	0.4060939924363128
0.125	3.0517578125E-5	0.7244782778575941	0.5265682592554896
0.125	3.0517578125E-5	0.4195354915212302	0.532283204056173
0.5	3.0517578125E-5	0.484069368473342	0.46409455789589377
0.5	3.0517578125E-5	0.36789972917554736	0.5271065483692473
0.5	3.0517578125E-5	0.6216548358241578	0.5405409850350595
0.5	3.0517578125E-5	0.5490232812570006	0.4066693283979207
0.5	3.0517578125E-5	0.5072336891876058	0.43765986318808736
0.5	3.0517578125E-5	0.5587754395316559	0.4702123938850436
0.5	3.0517578125E-5	0.4351952443569111	0.48087157317781404
0.5	3.0517578125E-5	0.4136592331198053	0.45437783601086834
2.0	3.0517578125E-5	0.6846281527510286	0.4885097423820173
2.0	3.0517578125E-5	0.5146790268335982	0.5370622672495854
2.0	3.0517578125E-5	0.5799279505537728	0.5060437555190153
2.0	3.0517578125E-5	0.42773503111857886	0.42116070302617326
2.0	3.0517578125E-5	0.4829985759130882	0.4828162171379728
2.0	3.0517578125E-5	0.427981461285815	0.3655633598535965
2.0	3.0517578125E-5	0.4171495170981646	0.4367148120038286
8.0	3.0517578125E-5	0.46756723809025086	0.38066837794450537
8.0	3.0517578125E-5	0.5814145198538752	0.4897882514936054
8.0	3.0517578125E-5	0.427835942764328	0.5156010219122499
8.0	3.0517578125E-5	0.39988226195644455	0.4923207307155983
8.0	3.0517578125E-5	0.5486386383628084	0.44694097676031164
8.0	3.0517578125E-5	0.5753587330961105	0.5553348858069239
8.0	3.0517578125E-5	0.4610134292006027	0.48938920121261886
32.0	3.0517578125E-5	0.3739966416155394	0.40147113630148856
32.0	3.0517578125E-5	0.5656356357834839	0.5091175187634372
32.0	3.0517578125E-5	0.5738789616746512	0.5247926360975028
32.0	3.0517578125E-5	0.5383959106485724	0.5816449605447097
32.0	3.0517578125E-5	0.4985942788501945	0.5575882871598973
32.0	3.0517578125E-5	0.5269070699120811	0.565444709996819
32.0	3.0517578125E-5	0.5833549363876894	0.5692077730781188
32.0	3.0517578125E-5	0.4548370047539416	0.43650753416006643
32.0	3.0517578125E-5	0.413774875714278	0.4177284460911405
32.0	3.0517578125E-5	0.6331736343606336	0.5760117960217682
128.0	3.0517578125E-5	0.537853966478155	0.4692578148389808
128.0	3.0517578125E-5	0.5360954989701964	0.5417253593171971
128.0	3.0517578125E-5	0.5908430291042718	0.5553959043747811
128.0	3.0517578125E-5	0.5498887821472623	0.4886476582858654
128.0	3.0517578125E-5	0.4788507217217338	0.516376740591484
128.0	3.0517578125E-5	0.6466040646916257	0.6204411211445032
128.0	3.0517578125E-5	0.38318870482297307	0.4396475564562593
128.0	3.0517578125E-5	0.5650508576983986	0.57902407526334
128.0	3.0517578125E-5	0.6069010087544626	0.5334405546077098
128.0	3.0517578125E-5	0.6273870586644157	0.6236934489915246
512.0	3.0517578125E-5	0.6248405046214751	0.6131879236771962
512.0	3.0517578125E-5	0.5095458019392763	0.5143739484098815
512.0	3.0517578125E-5	0.5122034341106535	0.45296900347121866
512.0	3.0517578125E-5	0.5731716108916428	0.5132557015976243
512.0	3.0517578125E-5	0.5197355481692357	0.5073298445507514
512.0	3.0517578125E-5	0.575158089420604	0.6176468615413983
512.0	3.0517578125E-5	0.6470557741630536	0.4850789967790585
2048.0	3.0517578125E-5	0.5001170108451829	0.4574130610110043
2048.0	3.0517578125E-5	0.6100401937879023	0.5730661209645928
2048.0	3.0517578125E-5	0.6563590817462661	0.628755119625203
2048.0	3.0517578125E-5	0.5986894245125899	0.5522240991721086
2048.0	3.0517578125E-5	0.6186528120951207	0.5935943220326412
2048.0	3.0517578125E-5	0.5517286314182575	0.5101507448730763
2048.0	3.0517578125E-5	0.4751843168581067	0.5760584652816676
2048.0	3.0517578125E-5	0.5180971750216071	0.43575552531661377
8192.0	3.0517578125E-5	0.48063643517220556	0.43692064303674355
8192.0	3.0517578125E-5	0.5242386263940707	0.45352509643144934
8192.0	3.0517578125E-5	0.5343277263358561	0.5470875535253432
8192.0	3.0517578125E-5	0.6331201284761286	0.6213330195656404
8192.0	3.0517578125E-5	0.5658329653731056	0.363956490942103
8192.0	3.0517578125E-5	0.4938561837900662	0.4524612980978607
8192.0	3.0517578125E-5	0.5620902076874786	0.6004463705094968
8192.0	3.0517578125E-5	0.5823720116700937	0.6113979443318184
32768.0	3.0517578125E-5	0.580988773529896	0.5184414620873856
32768.0	3.0517578125E-5	0.4876078454145401	0.44070711940370044
32768.0	3.0517578125E-5	0.6220890732535607	0.5263878987876963
32768.0	3.0517578125E-5	0.5305985432396448	0.5208055457118784
32768.0	3.0517578125E-5	0.626553574399879	0.5530458900383087
32768.0	3.0517578125E-5	0.5639604125493698	0.5646391526111363
32768.0	3.0517578125E-5	0.535243729938163	0.4776651626607565
32768.0	3.0517578125E-5	0.5208327230362115	0.5147431375748602
0.0	1.220703125E-4	0.4481051659523915	0.48143358986422585
0.0	1.220703125E-4	0.5678585353812403	0.5565197852347361
0.0	1.220703125E-4	0.5406803116661171	0.5699584026268745
0.0	1.220703125E-4	0.571477897223338	0.42310318567246435
0.0	1.220703125E-4	0.4516842271292626	0.4572839128430972
0.03125	1.220703125E-4	0.5175652232255177	0.6010227088856125
0.03125	1.220703125E-4	0.4808918870312302	0.47925696364700954
0.03125	1.220703125E-4	0.634304228193991	0.5262221096415941
0.03125	1.220703125E-4	0.4742291405461001	0.4682679099278707
0.03125	1.220703125E-4	0.48538698398511815	0.5051390750569477
0.03125	1.220703125E-4	0.5513007526866528	0.42455238249580735
0.03125	1.220703125E-4	0.4577750463082038	0.41164198175545935
0.125	1.220703125E-4	0.6153150819567582	0.44479538993623363
0.125	1.220703125E-4	0.5064979820680772	0.5198726984939196
0.125	1.220703125E-4	0.35152174944821407	0.43498020066263676
0.125	1.220703125E-4	0.5306849258695123	0.47220275674712914
0.125	1.220703125E-4	0.42572999068782885	0.5005946956338997
0.125	1.220703125E-4	0.43896923015509726	0.5083242166066516
0.125	1.220703125E-4	0.5641783723360797	0.5557473112190809
0.5	1.220703125E-4	0.4168476320672838	0.4533260005900609
0.5	1.220703125E-4	0.42349130185834966	0.38265783392838476
0.5	1.220703125E-4	0.49270840565940904	0.3936174060721785
0.5	1.220703125E-4	0.4970082796532012	0.5214945598289836
0.5	1.220703125E-4	0.42320590231073646	0.485929379621788
0.5	1.220703125E-4	0.5046852639933308	0.533740371045893
0.5	1.220703125E-4	0.4042051420004328	0.48181339997025374
0.5	1.220703125E-4	0.5742416353383912	0.49182757699119284
0.5	1.220703125E-4	0.637677391509159	0.556032863125535
2.0	1.220703125E-4	0.5503654344576999	0.5218384826182585
2.0	1.220703125E-4	0.46480769422485313	0.4168498418218017
2.0	1.220703125E-4	0.5066066877107859	0.5154610983867237
2.0	1.220703125E-4	0.4325315720371146	0.5209762324778312
2.0	1.220703125E-4	0.487640453112801	0.5227020360309633
2.0	1.220703125E-4	0.581087031393854	0.4730443263075793
2.0	1.220703125E-4	0.3213536340121303	0.4281690319308535
2.0	1.220703125E-4	0.576741616072688	0.5135461123738165
8.0	1.220703125E-4	0.4773364252311282	0.4561430880362304
8.0	1.220703125E-4	0.4419482096138391	0.5046308065821774
8.0	1.220703125E-4	0.5342052828102537	0.6016201921342571
8.0	1.220703125E-4	0.434606093600926	0.30989634826112245
8.0	1.220703125E-4	0.48092122796324327	0.5005100002615684
8.0	1.220703125E-4	0.5366306255553286	0.501941549899918
8.0	1.220703125E-4	0.6411951613933164	0.5953127321498315
8.0	1.220703125E-4	0.500433563434878	0.5422150261026383
8.0	1.220703125E-4	0.5475153425878282	0.5446812491381641
8.0	1.220703125E-4	0.5896385963916358	0.5983387757339259
32.0	1.220703125E-4	0.6752457027034147	0.5386458927741101
32.0	1.220703125E-4	0.5197744633525281	0.5049287084570718
32.0	1.220703125E-4	0.5205948019239496	0.47674128305560765
32.0	1.220703125E-4	0.5873937194211888	0.6009766785731255
32.0	1.220703125E-4	0.5854051152675682	0.585971026737619
32.0	1.220703125E-4	0.647934687072754	0.6359493561664016
32.0	1.220703125E-4	0.4439018730621337	0.5362850126014398
128.0	1.220703125E-4	0.5939747488042374	0.5885952597404361
128.0	1.220703125E-4	0.6554836673787372	0.5827378760213412
128.0	1.220703125E-4	0.5197346430545751	0.5543178267398322
128.0	1.220703125E-4	0.5923787331765891	0.46967421009919846
128.0	1.220703125E-4	0.5723134970572424	0.47505402464772123
128.0	1.220703125E-4	0.6079912886119663	0.51931768618856
128.0	1.220703125E-4	0.5215275986008499	0.5076994629442587
128.0	1.220703125E-4	0.517593966999758	0.5487655037524893
128.0	1.220703125E-4	0.4478294276380707	0.49697422477440023
512.0	1.220703125E-4	0.5696081476415762	0.5490234206621802
512.0	1.220703125E-4	0.5616186963239731	0.46837439950562354
512.0	1.220703125E-4	0.4244108657741533	0.4071993653485121
512.0	1.220703125E-4	0.5966128377419917	0.5681139172269332
512.0	1.220703125E-4	0.5709460738420115	0.547544454416056
512.0	1.220703125E-4	0.6508827514719729	0.6018570301425579
512.0	1.220703125E-4	0.5453617196900069	0.5719236271777519
512.0	1.220703125E-4	0.6030651591052022	0.3757274309724631
2048.0	1.220703125E-4	0.4652667470785113	0.5024916610426822
2048.0	1.220703125E-4	0.4380561634407139	0.5396873647868501
2048.0	1.220703125E-4	0.5692569711719687	0.5586630522819634
2048.0	1.220703125E-4	0.5269783688359025	0.46345804861224993
2048.0	1.220703125E-4	0.6662935063212992	0.41726999593449876
2048.0	1.220703125E-4	0.6612346055126358	0.5605995759639869
8192.0	1.220703125E-4	0.5393083005197843	0.4273541022446586
8192.0	1.220703125E-4	0.6106287323338495	0.6015555751985904
8192.0	1.220703125E-4	0.6327742103221908	0.5992260330429818
8192.0	1.220703125E-4	0.5299377959740003	0.5215273915816102
8192.0	1.220703125E-4	0.5181670783793271	0.5116265346923801
8192.0	1.220703125E-4	0.5630307674308895	0.49110666030997274
32768.0	1.220703125E-4	0.5841109629772481	0.4856092666659808
32768.0	1.220703125E-4	0.535591709903987	0.4333060930025814
32768.0	1.220703125E-4	0.5772804672753651	0.5211484494746593
32768.0	1.220703125E-4	0.5771031063556072	0.43731547433261436
32768.0	1.220703125E-4	0.5749741891704964	0.5630644778715791
32768.0	1.220703125E-4	0.5318054301595385	0.5786909618073135
0.0	4.8828125E-4	0.5887896081930288	0.5498023984755392
0.0	4.8828125E-4	0.5525412450647161	0.46448016882990284
0.0	4.8828125E-4	0.4810260225107766	0.47169090416416964
0.0	4.8828125E-4	0.40843172980815867	0.47842570484289015
0.0	4.8828125E-4	0.5699712941936795	0.5663799753133857
0.0	4.8828125E-4	0.6049811342872738	0.5149334731870708
0.0	4.8828125E-4	0.5517745845170939	0.5495135108388606
0.0	4.8828125E-4	0.3242548561912739	0.4027181456748198
0.03125	4.8828125E-4	0.5467394769057982	0.4744996041832285
0.03125	4.8828125E-4	0.4633422321948482	0.49483430554344643
0.03125	4.8828125E-4	0.37658028161047175	0.47117139921143025
0.03125	4.8828125E-4	0.4241176866417867	0.44152664647326645
0.03125	4.8828125E-4	0.4334769245872972	0.4315629356922184
0.03125	4.8828125E-4	0.5534873956780865	0.503883233635781
0.03125	4.8828125E-4	0.5286275556406927	0.4539614821667956
0.03125	4.8828125E-4	0.47730045660490894	0.4446434892307416
0.125	4.8828125E-4	0.5930133501181543	0.5781098750737587
0.125	4.8828125E-4	0.4896705570760233	0.5265285663542837
0.125	4.8828125E-4	0.5219736969673733	0.4304785097685205
0.125	4.8828125E-4	0.41632322820051987	0.4288364673194249
0.125	4.8828125E-4	0.5827760246241414	0.5110657840332479
0.125	4.8828125E-4	0.5676609221298592	0.5844360692509742
0.5	4.8828125E-4	0.3714722872981273	0.4851560703278418
0.5	4.8828125E-4	0.4050497541020197	0.44043088918839124
0.5	4.8828125E-4	0.41543829329879983	0.46863837779467943
0.5	4.8828125E-4	0.5183954886879726	0.545962055687176
0.5	4.8828125E-4	0.5944382783975595	0.4792967292825345
0.5	4.8828125E-4	0.5849439438260482	0.485144393731778
0.5	4.8828125E-4	0.5519591516574378	0.4439383588264328
2.0	4.8828125E-4	0.5145541851534974	0.5269050355062158
2.0	4.8828125E-4	0.36898011077035403	0.4101864309450033
2.0	4.8828125E-4	0.3825149408707438	0.5371532008369481
2.0	4.8828125E-4	0.5521714119609907	0.6209009716229101
2.0	4.8828125E-4	0.6209636368301479	0.5347175877792268
2.0	4.8828125E-4	0.5623398082681542	0.48775361813560403
2.0	4.8828125E-4	0.6219281670494412	0.5444795002687854
8.0	4.8828125E-4	0.6688508968442498	0.6197808604893891
8.0	4.8828125E-4	0.49242527562133565	0.3972246911321422
8.0	4.8828125E-4	0.6319913738858487	0.5654997722625799
8.0	4.8828125E-4	0.517157883212652	0.43152218832367595
8.0	4.8828125E-4	0.5267573233082266	0.4733470088416285
8.0	4.8828125E-4	0.6200615984926061	0.5981753522622743
32.0	4.8828125E-4	0.622130861313683	0.5430093396611131
32.0	4.8828125E-4	0.5294447005244233	0.4185539637195405
32.0	4.8828125E-4	0.588092808437921	0.5928600518306297
32.0	4.8828125E-4	0.6069837200718601	0.5405643479962132
32.0	4.8828125E-4	0.5814720801868782	0.5670161044653733
32.0	4.8828125E-4	0.6219472912379906	0.6238211392458576
32.0	4.8828125E-4	0.5589642331424323	0.5321911655082372
32.0	4.8828125E-4	0.5418035631183755	0.5719646073098086
32.0	4.8828125E-4	0.5375683206949131	0.5320650762901531
32.0	4.8828125E-4	0.5138765285920452	0.41155754433466674
128.0	4.8828125E-4	0.5639537153056899	0.5221146144667764
128.0	4.8828125E-4	0.6073460956031697	0.5571876996803747
128.0	4.8828125E-4	0.5975369445644421	0.59229214465464
128.0	4.8828125E-4	0.6068344088035603	0.548309642721813
512.0	4.8828125E-4	0.47636267392526965	0.4747060949561433
512.0	4.8828125E-4	0.5444308161121282	0.46499359824240044
512.0	4.8828125E-4	0.6494621026273559	0.5940548061929948
512.0	4.8828125E-4	0.5705905650157848	0.534886879343412
512.0	4.8828125E-4	0.5951076634801706	0.4905787248032998
512.0	4.8828125E-4	0.5472067405463072	0.5381566541523983
512.0	4.8828125E-4	0.49422371185893255	0.49402467932226884
512.0	4.8828125E-4	0.591898380832138	0.5544569820752472
512.0	4.8828125E-4	0.45019616177140775	0.4194232944113221
2048.0	4.8828125E-4	0.5217941707188317	0.5152320777844385
2048.0	4.8828125E-4	0.58344049473839	0.5280361172656043
2048.0	4.8828125E-4	0.512823571126588	0.4588091645065299
2048.0	4.8828125E-4	0.5056850536696238	0.5814763245614644
2048.0	4.8828125E-4	0.48184695089494106	0.4245060020243339
2048.0	4.8828125E-4	0.5697318775876067	0.49278921492830974
2048.0	4.8828125E-4	0.5495942493332013	0.4953269189996026
2048.0	4.8828125E-4	0.6292409033251817	0.5850682538867215
2048.0	4.8828125E-4	0.6683754261570567	0.5729747790872649
2048.0	4.8828125E-4	0.5146116412561124	0.49207973003409594
8192.0	4.8828125E-4	0.6237640976635759	0.5833981585565333
8192.0	4.8828125E-4	0.5893415209078822	0.5329823805171314
8192.0	4.8828125E-4	0.5435646965731001	0.552095111725353
8192.0	4.8828125E-4	0.5952346164441242	0.6233859168004412
8192.0	4.8828125E-4	0.5011452331282259	0.5567955565749045
8192.0	4.8828125E-4	0.5530032016077765	0.4478628895014124
32768.0	4.8828125E-4	0.5720548032768935	0.5371677111733418
32768.0	4.8828125E-4	0.5262403710548218	0.41372705976166463
32768.0	4.8828125E-4	0.4653506893710135	0.47900264104530377
32768.0	4.8828125E-4	0.5258723132829538	0.5464557800981783
32768.0	4.8828125E-4	0.5890008878585741	0.5404299343245141
32768.0	4.8828125E-4	0.6449186671806333	0.6204947313383922
32768.0	4.8828125E-4	0.5147289742423921	0.5287185856831265
0.0	0.001953125	0.558474878447946	0.4962934639157293
0.0	0.001953125	0.5197515078070531	0.5708746575735176
0.0	0.001953125	0.6044834410079708	0.5247720071540324
0.0	0.001953125	0.5474545981340008	0.49092467543231433
0.0	0.001953125	0.5089136229382406	0.44224936993484
0.0	0.001953125	0.5449817610268632	0.6044618302236557
0.0	0.001953125	0.6237108118979301	0.5949267343366413
0.03125	0.001953125	0.3761115611460752	0.46706439507697994
0.03125	0.001953125	0.5247034373425153	0.4345705304462142
0.03125	0.001953125	0.4404231860528542	0.45643106612304307
0.03125	0.001953125	0.4159605765933161	0.44615335945106854
0.03125	0.001953125	0.5127324005347259	0.4642187991412168
0.03125	0.001953125	0.4179002783917258	0.43194350300527057
0.03125	0.001953125	0.545206320598863	0.607633651885851
0.03125	0.001953125	0.49526482518832793	0.45406371203845663
0.125	0.001953125	0.5439367745675957	0.58149269844418
0.125	0.001953125	0.5650382234260606	0.40168805566875687
0.125	0.001953125	0.3964443537171683	0.5086175272333153
0.125	0.001953125	0.5918135751290157	0.5048679448750727
0.125	0.001953125	0.4186302421689172	0.39094875427617126
0.125	0.001953125	0.5519843850291766	0.5333951909190691
0.5	0.001953125	0.4739413558643401	0.565155193467416
0.5	0.001953125	0.5282751728549103	0.5595733528661456
0.5	0.001953125	0.563236570417142	0.5044461184228382
0.5	0.001953125	0.5912229876233442	0.415414017751087
0.5	0.001953125	0.44767029966974986	0.4269444716584067
0.5	0.001953125	0.5131583526938692	0.5640744669168765
0.5	0.001953125	0.5143543583548206	0.4898004363005743
0.5	0.001953125	0.5016621852664033	0.5318402029198898
0.5	0.001953125	0.5929225652737385	0.5454561548976613
0.5	0.001953125	0.4774998238261272	0.5287343456429887
2.0	0.001953125	0.507975309185283	0.5300745637352455
2.0	0.001953125	0.36989728905334246	0.3094202960191134
2.0	0.001953125	0.6042006773213304	0.48674046057156173
2.0	0.001953125	0.5296411804276323	0.6174272421882971
2.0	0.001953125	0.6128442019137	0.557996799659492
2.0	0.001953125	0.5058239832003635	0.5151518244908049
2.0	0.001953125	0.5834706257900447	0.5882443742500847
8.0	0.001953125	0.595570893901946	0.5130496956950212
8.0	0.001953125	0.6234470667042021	0.6338156438345899
8.0	0.001953125	0.622448315147743	0.5652991348953845
8.0	0.001953125	0.4967246350478407	0.5060976390557808
8.0	0.001953125	0.5693901952564855	0.6106671590232349
8.0	0.001953125	0.5763261410454924	0.49219401599131407
8.0	0.001953125	0.5870699406796264	0.5066776793519991
8.0	0.001953125	0.5652162450213413	0.5166818973175956
32.0	0.001953125	0.5333095734484894	0.4746620104047251
32.0	0.001953125	0.5786888784400449	0.5850657972307133
32.0	0.001953125	0.5142509775958557	0.48722614180782975
32.0	0.001953125	0.4647642617147372	0.4895838395471199
32.0	0.001953125	0.6288692193566011	0.5515748061744672
32.0	0.001953125	0.6424170217135755	0.5798171206349163
32.0	0.001953125	0.5939059797599331	0.542205557076477
128.0	0.001953125	0.6830620505398729	0.5974551649969273
128.0	0.001953125	0.721292193605866	0.6209948424934123
128.0	0.001953125	0.566135903538607	0.5741927715229669
128.0	0.001953125	0.4821335219324644	0.48610256125030493
512.0	0.001953125	0.5876174405022392	0.564119232272782
512.0	0.001953125	0.6124730372325783	0.5845935674294273
512.0	0.001953125	0.5394493978410204	0.5477990851127829
512.0	0.001953125	0.4800727528110607	0.48351538079936623
512.0	0.001953125	0.5315490314269823	0.5022018073184986
512.0	0.001953125	0.6692416990884379	0.5445477775009525
512.0	0.001953125	0.44594642850441246	0.38438759816617835
2048.0	0.001953125	0.4997049029354791	0.5048949355614191
2048.0	0.001953125	0.6139862998159022	0.5916844862883893
2048.0	0.001953125	0.5835012052055363	0.5743319217179614
2048.0	0.001953125	0.5627246497345708	0.5652109766007369
2048.0	0.001953125	0.5347427261597125	0.48125807775279505
2048.0	0.001953125	0.509603817890205	0.44833778828964416
8192.0	0.001953125	0.5718401199368953	0.5149990873673929
8192.0	0.001953125	0.5480925797449779	0.5094013213100294
8192.0	0.001953125	0.5583085025983524	0.6102739182954589
8192.0	0.001953125	0.643752830145267	0.6191279000836108
8192.0	0.001953125	0.544068488226568	0.5057954092790714
8192.0	0.001953125	0.535411707660191	0.4461160095774717
8192.0	0.001953125	0.575148666743282	0.4881454132555362
8192.0	0.001953125	0.5133145704133272	0.5409247529413806
8192.0	0.001953125	0.5390230554960422	0.41504084843970496
32768.0	0.001953125	0.6570316488432059	0.6198210368312719
32768.0	0.001953125	0.6563883285120385	0.5670901042511243
32768.0	0.001953125	0.46711690129414163	0.4589171652056888
32768.0	0.001953125	0.5748881804916607	0.5314662470383612
32768.0	0.001953125	0.5058302431456988	0.49889337620047985
32768.0	0.001953125	0.4970869739784248	0.3701972569096788
32768.0	0.001953125	0.5434395675834144	0.5944244993724337
32768.0	0.001953125	0.6127104088426432	0.5403600726972845
32768.0	0.001953125	0.5673543158387906	0.4635556613441573
0.0	0.0078125	0.504005833574632	0.43210332610840396
0.0	0.0078125	0.5206791737603407	0.5530056035937735
0.0	0.0078125	0.617431577798953	0.5747184504577184
0.0	0.0078125	0.5598225597217966	0.5323355039216039
0.0	0.0078125	0.5523261647119473	0.5134854034762134
0.0	0.0078125	0.6362567207705728	0.6329422396263042
0.0	0.0078125	0.6053133656369402	0.5841262312098471
0.0	0.0078125	0.5903425868995945	0.5764609070958701
0.03125	0.0078125	0.6304064128789777	0.5782136217381565
0.03125	0.0078125	0.4306560267957967	0.5572277316640151
0.03125	0.0078125	0.5649222254290588	0.5298107968468313
0.03125	0.0078125	0.4362770153699071	0.4878591205339869
0.03125	0.0078125	0.49978464779864473	0.44336698168319527
0.03125	0.0078125	0.5972337490494393	0.486009615129189
0.125	0.0078125	0.41846251004200524	0.49233741077492404
0.125	0.0078125	0.6087460588135639	0.5751239063435218
0.125	0.0078125	0.5046321525767548	0.5093491380132713
0.125	0.0078125	0.5266871191925989	0.427847255643389
0.125	0.0078125	0.5830435522144136	0.4955944338845729
0.125	0.0078125	0.6101389197000641	0.552172426068431
0.125	0.0078125	0.463658871656139	0.5545767065123167
0.125	0.0078125	0.421252734535966	0.4537443168046073
0.5	0.0078125	0.5475240933469194	0.5349876271405685
0.5	0.0078125	0.5555329861681216	0.5783114143974949
0.5	0.0078125	0.5683035614493587	0.47845481911760285
0.5	0.0078125	0.6076154389219829	0.6083899140646345
0.5	0.0078125	0.4942089724139481	0.4919542818609379
0.5	0.0078125	0.5027311292494688	0.5337313736143463
2.0	0.0078125	0.6556528529425999	0.5626155249861078
2.0	0.0078125	0.4894096815887349	0.4196668852881696
2.0	0.0078125	0.49168096250284465	0.5670778734865793
2.0	0.0078125	0.5933155412190945	0.5561330671819074
2.0	0.0078125	0.5931226946047724	0.6214499221754393
2.0	0.0078125	0.5980502182988462	0.5807004079717193
2.0	0.0078125	0.33978301888631995	0.39428706477653125
8.0	0.0078125	0.5181364707892209	0.5657943997484816
8.0	0.0078125	0.4721915849146702	0.4333926907757535
8.0	0.0078125	0.5442653325018142	0.5094897094953659
8.0	0.0078125	0.5064388654291221	0.4358925354900008
8.0	0.0078125	0.5768713995971617	0.5680931246470707
8.0	0.0078125	0.5645202496262346	0.5274793394705244
32.0	0.0078125	0.6607917260823728	0.5634539972283643
32.0	0.0078125	0.6078747528568492	0.5662642602804108
32.0	0.0078125	0.5876902814202379	0.5637843135610252
32.0	0.0078125	0.5317246628829594	0.468525677960278
32.0	0.0078125	0.588033245200537	0.5466064279460446
32.0	0.0078125	0.5138560272892612	0.4510647676295741
128.0	0.0078125	0.5872848296488237	0.48086374657684194
128.0	0.0078125	0.5531810757115273	0.564174946075291
128.0	0.0078125	0.5464855470190983	0.6089612213074989
128.0	0.0078125	0.5980924914536789	0.5344405410875804
128.0	0.0078125	0.5636416377379491	0.5136951968851271
128.0	0.0078125	0.5030803935635004	0.4905667938094266
128.0	0.0078125	0.4618951468913819	0.41932224372700677
128.0	0.0078125	0.5779073055000996	0.5539460108902277
512.0	0.0078125	0.5822961568079227	0.565645611790174
512.0	0.0078125	0.6120082265543456	0.6037254425093658
512.0	0.0078125	0.5680018217676298	0.49751032563601305
512.0	0.0078125	0.6553537314032094	0.6239433442350388
512.0	0.0078125	0.5211353726411114	0.46908992470915095
512.0	0.0078125	0.5208139885127058	0.5149415025612925
512.0	0.0078125	0.5872478634344125	0.46192661858677153
2048.0	0.0078125	0.49634995628338713	0.5245995107374352
2048.0	0.0078125	0.5967758557960591	0.5031197485652055
2048.0	0.0078125	0.5477014326781066	0.45021393788665337
2048.0	0.0078125	0.6168217416434969	0.5072926783105287
2048.0	0.0078125	0.5091196947942558	0.5150231968447316
2048.0	0.0078125	0.62074060953563	0.6106393574449023
8192.0	0.0078125	0.5888753606412348	0.5973061169426006
8192.0	0.0078125	0.5727256812084732	0.5434961472435241
8192.0	0.0078125	0.6220557171779548	0.49675342661781596
8192.0	0.0078125	0.5348628962103738	0.5324657051652016
8192.0	0.0078125	0.5369933807238901	0.5344317762789076
8192.0	0.0078125	0.5782171940108775	0.550724387722851
8192.0	0.0078125	0.5881165496486856	0.5775879967381766
8192.0	0.0078125	0.4623787343053001	0.547150438105113
8192.0	0.0078125	0.5414791359418791	0.4154880434467253
8192.0	0.0078125	0.6099754807737269	0.5456272962762023
32768.0	0.0078125	0.5861938355199087	0.4807506607643745
32768.0	0.0078125	0.4790240925252365	0.49745716442912224
32768.0	0.0078125	0.5779631208521439	0.5378209347202481
32768.0	0.0078125	0.5488807125938981	0.5382152941299014
32768.0	0.0078125	0.6225562460750698	0.5493399790367606
32768.0	0.0078125	0.5808900308256514	0.5272438693930902
32768.0	0.0078125	0.5767411170397544	0.5312313982035941
0.0	0.03125	0.6881696832221252	0.6495281922372017
0.0	0.03125	0.6054617391183684	0.5958937158956703
0.0	0.03125	0.5592240118583027	0.5897906969998199
0.0	0.03125	0.5942782204016589	0.5926966607283746
0.0	0.03125	0.5421877936217971	0.44864933025580284
0.0	0.03125	0.4989306431219912	0.49317070252226203
0.0	0.03125	0.5869955100719007	0.5216531017598433
0.0	0.03125	0.5111242489213854	0.43266652762190544
0.03125	0.03125	0.638680212943562	0.5827421719558735
0.03125	0.03125	0.5596317831803121	0.5127701253846666
0.03125	0.03125	0.42865749851093243	0.5232137599078306
0.03125	0.03125	0.4873343805446251	0.5443148373081915
0.03125	0.03125	0.45404589130698014	0.3390477923246947
0.125	0.03125	0.44767696484219727	0.5217287877052695
0.125	0.03125	0.48714243587060535	0.469512428035273
0.125	0.03125	0.4817095077865564	0.46969093307637455
0.125	0.03125	0.5800103039633974	0.6582996197871309
0.125	0.03125	0.5434020204410778	0.4828599557386528
0.125	0.03125	0.4637897108737548	0.4918810584377268
0.5	0.03125	0.5454128199489177	0.5618673130988915
0.5	0.03125	0.5782098280939836	0.4670970305755464
0.5	0.03125	0.5675213724491449	0.45119848242355715
0.5	0.03125	0.6673480272506088	0.6341593206549534
0.5	0.03125	0.5397748011239796	0.48232665817957954
0.5	0.03125	0.5831662415995383	0.5691787537338343
0.5	0.03125	0.5583116990290223	0.607770367201818
0.5	0.03125	0.5858100086869679	0.6088996207796891
2.0	0.03125	0.5971958893728492	0.4909304198334775
2.0	0.03125	0.5272545631790797	0.48371771724852175
2.0	0.03125	0.5037427567365398	0.5360243005871096
2.0	0.03125	0.5340571906087234	0.46615941423149865
2.0	0.03125	0.5944732141112171	0.5890688832526766
2.0	0.03125	0.6620817976377708	0.5686210585514724
2.0	0.03125	0.6289683615072352	0.632455976693953
8.0	0.03125	0.6109879077982682	0.621263464350253
8.0	0.03125	0.6250678585277017	0.5468624409223168
8.0	0.03125	0.5241542611924632	0.5416850699498829
8.0	0.03125	0.5712159680142131	0.5437957361204376
8.0	0.03125	0.5465168675660586	0.5487864975973646
8.0	0.03125	0.4877395903704971	0.4317854931517518
32.0	0.03125	0.6132803418382164	0.5450569488260862
32.0	0.03125	0.5662924768312158	0.621094593136919
32.0	0.03125	0.5469535530085854	0.5253330409835958
32.0	0.03125	0.5252994204419038	0.49712648157460115
32.0	0.03125	0.5232041124540618	0.5237110783592249
32.0	0.03125	0.6252667551423131	0.6128331085538917
32.0	0.03125	0.639030635869692	0.533613697645015
128.0	0.03125	0.6320985685655358	0.5681144419794804
128.0	0.03125	0.6407387802662823	0.6008286567640608
128.0	0.03125	0.6039398393119613	0.5897684451166664
128.0	0.03125	0.5268368709354686	0.5789702755514154
128.0	0.03125	0.5918739094998041	0.5565839415286146
128.0	0.03125	0.4209922609079713	0.4554251283256568
512.0	0.03125	0.6097540118351014	0.5569667496369577
512.0	0.03125	0.6073757277269698	0.5497227082265176
512.0	0.03125	0.5325408239449234	0.5716974290304406
512.0	0.03125	0.660900105894044	0.6019022331467189
512.0	0.03125	0.4838964175846182	0.5616516611956199
2048.0	0.03125	0.5675496233110918	0.5798488831826711
2048.0	0.03125	0.6033765481968153	0.5649415088862735
2048.0	0.03125	0.5359624907562927	0.5154719525403724
2048.0	0.03125	0.6450910638939222	0.6626098479722438
2048.0	0.03125	0.5907537294709162	0.5261642136268357
2048.0	0.03125	0.505405658720076	0.5248943086033655
2048.0	0.03125	0.5933240958852527	0.5675457865953221
2048.0	0.03125	0.558364771873161	0.520124261068806
8192.0	0.03125	0.5144827438098896	0.5281451847967165
8192.0	0.03125	0.5992000742318611	0.5590623191362003
8192.0	0.03125	0.620210787487522	0.5196796616482784
8192.0	0.03125	0.5803091613227522	0.5565853691029866
8192.0	0.03125	0.6313381053363624	0.5405410544024604
8192.0	0.03125	0.5400413388210912	0.5303488840407254
8192.0	0.03125	0.5202037597598869	0.431350570284293
8192.0	0.03125	0.4482301074559083	0.4908723616110472
32768.0	0.03125	0.6046314461961174	0.6021244656689149
32768.0	0.03125	0.5465902611803201	0.595637546250665
32768.0	0.03125	0.5140177785772497	0.5086531501016794
32768.0	0.03125	0.5614560619158661	0.3714353310922873
32768.0	0.03125	0.531862925512923	0.5914798332212047
32768.0	0.03125	0.6843514577497619	0.6164415312909771
32768.0	0.03125	0.5875462383393515	0.5852915442372693
0.0	0.125	0.3886715271929709	0.4629938330985123
0.0	0.125	0.6003165301773098	0.48466497747651266
0.0	0.125	0.5687653144053946	0.5063923274399036
0.0	0.125	0.5521996426046745	0.49570374907569675
0.0	0.125	0.49455836763915734	0.49158354823697337
0.0	0.125	0.5279590342774758	0.5650805209193696
0.0	0.125	0.6177543923415013	0.63462216330367
0.0	0.125	0.49739870770414	0.5708481666721353
0.03125	0.125	0.43948330650112377	0.5962555614770626
0.03125	0.125	0.41909984563106034	0.37842076015391046
0.03125	0.125	0.3777108592012534	0.48658798446467527
0.03125	0.125	0.46464546593816974	0.4441300738885374
0.03125	0.125	0.5527286781432474	0.4697715656765796
0.125	0.125	0.39218772785015377	0.5337778957524005
0.125	0.125	0.5697342874693214	0.49051442057683003
0.125	0.125	0.4830009035719959	0.518146121187048
0.125	0.125	0.5180364323046511	0.5953949073571526
0.125	0.125	0.5948526272057721	0.5868979051509935
0.125	0.125	0.5655890166602339	0.49517930934055404
0.125	0.125	0.48002717056147454	0.4878042336847731
0.5	0.125	0.5807712034511388	0.5686853439430654
0.5	0.125	0.5380610849602093	0.48659546196033043
0.5	0.125	0.4967780115853175	0.5234283818819568
0.5	0.125	0.49179803059934185	0.5124422548758013
0.5	0.125	0.5608534163644978	0.5414817559302874
0.5	0.125	0.6156583084373127	0.6004847270450557
0.5	0.125	0.5481507174124263	0.4998476287698707
0.5	0.125	0.5075516589921205	0.5882322060004842
0.5	0.125	0.4660149058808037	0.48063215245086693
2.0	0.125	0.5835463943892947	0.5817016598889517
2.0	0.125	0.6318603736376567	0.6263391751205285
2.0	0.125	0.5177312294511767	0.5001677641492528
2.0	0.125	0.5332812165207215	0.49206799340087953
2.0	0.125	0.47404192030806125	0.4650081851648852
2.0	0.125	0.47850110901843895	0.5681455616378961
2.0	0.125	0.4755036385554899	0.43396259814590177
8.0	0.125	0.5314173653804923	0.529145706390968
8.0	0.125	0.5034739048631265	0.4011018958260322
8.0	0.125	0.5245857812929101	0.5679096115505752
8.0	0.125	0.584836390204519	0.6061650187718486
8.0	0.125	0.5439704473584659	0.4644426559975463
32.0	0.125	0.4121888818914411	0.44809333886059327
32.0	0.125	0.530866596395082	0.568651865852279
32.0	0.125	0.5892350192491809	0.43262153825707333
32.0	0.125	0.4643377583299493	0.5480637444027898
32.0	0.125	0.49119076982352466	0.465590783416557
32.0	0.125	0.5908237211266797	0.5791174923358366
32.0	0.125	0.6154179447192853	0.6343976636831342
32.0	0.125	0.5855710015797113	0.5455669082163741
128.0	0.125	0.5130812799762638	0.5262324766950964
128.0	0.125	0.48922317352054334	0.4757394862630467
128.0	0.125	0.6203027940162951	0.6443625298669731
128.0	0.125	0.5602397535980423	0.5069881249474921
128.0	0.125	0.5558329572216801	0.5501339821653852
128.0	0.125	0.598898742997978	0.5450518790974983
128.0	0.125	0.4722357947666454	0.49507393318143794
512.0	0.125	0.586021609598594	0.529437929945868
512.0	0.125	0.4244579285260715	0.4943296231603953
512.0	0.125	0.5568019895537225	0.48802325420283915
512.0	0.125	0.45837111051018564	0.4715167468553029
512.0	0.125	0.5978945866398946	0.6123664987062438
512.0	0.125	0.5535349998650019	0.6147243300164917
512.0	0.125	0.6111610230928345	0.5691733081233675
2048.0	0.125	0.5923834403823467	0.6436022433364004
2048.0	0.125	0.5752920897172749	0.5590819501834102
2048.0	0.125	0.5578724154535407	0.5950864390589775
2048.0	0.125	0.5219259219424136	0.5453271336738487
2048.0	0.125	0.4497575191423521	0.43067010370306014
2048.0	0.125	0.524692730291308	0.5424638727639951
2048.0	0.125	0.6239884112601746	0.5943825412215022
2048.0	0.125	0.6132032178716376	0.5430481397344938
8192.0	0.125	0.5563142584849622	0.5599139110740227
8192.0	0.125	0.5358161573466546	0.5269658622035439
8192.0	0.125	0.4724131958227619	0.4160223214070042
8192.0	0.125	0.5552027318330591	0.6266119354863194
8192.0	0.125	0.536079347060395	0.5335161228943068
8192.0	0.125	0.48199263288985084	0.48252691691003335
8192.0	0.125	0.5807202958387323	0.5685154100815522
32768.0	0.125	0.5640394596388987	0.5210256459825232
32768.0	0.125	0.6142308169133149	0.5546064292973522
32768.0	0.125	0.45622621909173655	0.5141683928627274
32768.0	0.125	0.4872503271727981	0.5263758524131156
32768.0	0.125	0.4446946196968819	0.5559114934727313
32768.0	0.125	0.5352016732817917	0.5832373942253526
0.0	0.5	0.05420824311982594	0.1445290875461744
0.0	0.5	0.20422037528110218	0.4334095636543213
0.0	0.5	0.09923378550457189	0.4422418366052836
0.0	0.5	0.2617291746919947	0.41646373861989205
0.0	0.5	0.15847616979760024	0.35969877050260307
0.0	0.5	0.13197995209171373	0.5162897300889262
0.03125	0.5	0.19113441799163608	0.47456724363670594
0.03125	0.5	0.04275050536077446	0.18308124720250857
0.03125	0.5	0.19804935931537704	0.31607538134335167
0.03125	0.5	0.16130767987000974	0.18303515628592393
0.03125	0.5	0.14017752627481844	0.15489878051316308
0.03125	0.5	0.12752983018652392	0.1178099873891376
0.03125	0.5	-0.07759873290216641	-0.024781164904976904
0.03125	0.5	0.09606602880104773	0.2540957564445057
0.03125	0.5	0.09782039323200087	0.09372695973482789
0.125	0.5	0.17932621586116218	0.2609325505456219
0.125	0.5	0.16101973284803697	0.27350413321618605
0.125	0.5	0.1478237696984265	0.22320738847112714
0.125	0.5	0.047270230049668495	0.29729745625135917
0.125	0.5	0.17602528890827174	0.21106800290393066
0.125	0.5	0.1007057092758458	0.11002201644057169
0.125	0.5	0.09494528093234327	0.3080704525075835
0.5	0.5	0.13680680763029565	0.3425187680892531
0.5	0.5	0.23599139053674897	0.35321745918263336
0.5	0.5	0.09715937812222632	0.40709861844139644
0.5	0.5	0.19724259236411024	0.3617743505252462
0.5	0.5	0.12533725442150623	0.3461381852156289
0.5	0.5	0.15079216899853182	0.2629310789170678
0.5	0.5	0.07793271487972481	0.06344163582354284
0.5	0.5	0.19257760812500316	0.407399789838622
0.5	0.5	0.2383283649469933	0.3621859995822357
2.0	0.5	0.021114498248409334	0.15835812336493155
2.0	0.5	0.09992046868255645	0.3057474576617147
2.0	0.5	0.12505987370492924	0.3870635558513261
2.0	0.5	0.2625725942059767	0.3442344697973139
2.0	0.5	0.22936388800932003	0.48389206261747525
2.0	0.5	0.256743623525251	0.4882898585615922
2.0	0.5	0.05726544655873017	0.1699046276207725
8.0	0.5	0.16460289119050717	0.3745335852529213
8.0	0.5	0.08946243822162839	0.5128262369219543
8.0	0.5	0.15380877728256098	0.4196342649747507
8.0	0.5	0.22463047644048018	0.2982547654860513
8.0	0.5	0.31779433541122887	0.34222465440381283
8.0	0.5	0.03160568609350495	0.412825262054223
32.0	0.5	0.24951056287128598	0.42810216668894513
32.0	0.5	0.1201311876659419	0.46013979596804694
32.0	0.5	0.15949296971168525	0.1686137516297349
32.0	0.5	0.11261763669903617	0.3086771278543943
32.0	0.5	0.18993480391118284	0.14200347307049294
32.0	0.5	0.22242806453183767	0.40746753336194286
32.0	0.5	0.13915556966004752	0.32411523917494267
32.0	0.5	0.07680335463463715	0.22509917694526224
32.0	0.5	-0.02202056591185898	0.34182120456015047
128.0	0.5	0.2410201403601164	0.4745180478334031
128.0	0.5	0.03886782879186772	0.3390557193248259
128.0	0.5	0.1641366002704632	0.3465607605776559
128.0	0.5	0.03730163340205653	0.1790013480756793
128.0	0.5	0.10639561147068381	0.45667430957054095
128.0	0.5	0.17526529374055141	0.34937982060446987
128.0	0.5	0.22988050238108607	0.4007989126011937
128.0	0.5	0.16345788632385294	0.39860616603862314
512.0	0.5	0.2847736147108522	0.39225349698604167
512.0	0.5	0.1778353510619511	0.22757884166707912
512.0	0.5	0.25769863017957034	0.49550411963218
512.0	0.5	0.10824173898966395	0.05859815787614583
512.0	0.5	0.2757652068907237	0.411346746392418
512.0	0.5	0.2786608301489913	0.35656338096947926
512.0	0.5	0.26608997977341203	0.45931684811149787
2048.0	0.5	0.20574164673608716	0.3698252393033203
2048.0	0.5	0.006314236423568147	0.2307580247110033
2048.0	0.5	0.19834711522161896	0.41253800109249633
2048.0	0.5	0.10117075273195461	0.1916332417440172
2048.0	0.5	0.23059636019851387	0.39047229581999826
2048.0	0.5	0.10412194243320717	0.16798873727949368
2048.0	0.5	0.09399272876371552	0.4255665175299774
8192.0	0.5	0.15500012655033324	0.40258024407843174
8192.0	0.5	0.0027727997064219342	0.38592742703441096
8192.0	0.5	0.0538541690746565	0.38029673379623935
8192.0	0.5	0.09406913509915829	0.323532957600031
8192.0	0.5	0.1839430880712125	0.32937179639944
8192.0	0.5	0.11904752986495071	0.47030406124282526
8192.0	0.5	0.056116805680181986	0.37890940870586276
32768.0	0.5	0.10014016698059351	0.4960593243921546
32768.0	0.5	0.2985758206292143	0.3952019742675424
32768.0	0.5	0.08889027722183826	0.3251198447885866
32768.0	0.5	0.20543282684554268	0.42644019652931653
32768.0	0.5	0.18571679669816032	0.3944386482596151
32768.0	0.5	0.2615470266618925	0.36573299542591575
32768.0	0.5	0.32756671429291667	0.42070320798262895
0.0	2.0	NaN	-0.027179533864691706
0.0	2.0	0.0033770486738489577	-0.03546233918870734
0.0	2.0	0.15761182505091437	-0.04513347139090948
0.0	2.0	1.7922655144756304E-4	0.165288739929335
0.0	2.0	3.408987731331601E-4	0.04768504519672992
0.0	2.0	0.15100606318957674	-0.03054805326649214
0.0	2.0	0.10655288598625459	-0.17162615045586846
0.03125	2.0	NaN	0.09762637630629166
0.03125	2.0	0.10319830795076133	0.3062864497527504
0.03125	2.0	NaN	-0.052801503784558695
0.03125	2.0	0.16499233819716608	0.10661649731084853
0.03125	2.0	0.10227783222534491	0.1165728708789031
0.03125	2.0	NaN	-0.11950574461005475
0.125	2.0	0.10456581692764408	-0.003807821542494681
0.125	2.0	NaN	0.09357027830085038
0.125	2.0	NaN	0.1314351733027392
0.125	2.0	0.15693954790837752	0.20297886110996113
0.125	2.0	NaN	0.008394900426936637
0.125	2.0	3.619661159155625E-5	0.2829956827727536
0.125	2.0	0.10591102931693008	0.06937686114687507
0.125	2.0	0.04069571955759566	0.311883797268891
0.5	2.0	NaN	-0.03663869759750087
0.5	2.0	0.05076084492445849	-0.062241918296178235
0.5	2.0	0.06946205996371091	0.03895764360481648
0.5	2.0	1.739074048016772E-4	0.0584135412542975
0.5	2.0	0.09727604562599261	0.14157007204549704
0.5	2.0	0.16031082074291178	-0.11511766851140454
0.5	2.0	0.2228200514072766	-0.09030307371743353
0.5	2.0	0.03934497250288813	0.04870497792350029
0.5	2.0	0.08678790858178712	0.20704269368448766
2.0	2.0	0.06403323165653606	-0.0013696469123476423
2.0	2.0	-2.8682283200016565E-4	-0.022619771276136003
2.0	2.0	0.0354133510611034	-0.05455723446486312
2.0	2.0	0.10052964576685626	-0.19188857469954027
2.0	2.0	NaN	0.057363446735968264
2.0	2.0	NaN	0.14868628626592198
2.0	2.0	-3.37389755805727E-5	0.02892600836026928
2.0	2.0	0.03473024684056906	0.20020110141640282
2.0	2.0	0.1514754429339776	-0.06295958567021671
8.0	2.0	NaN	0.007915754836604116
8.0	2.0	0.03860110844390731	0.11295334339992266
8.0	2.0	0.0644613791704359	0.027962000552625734
8.0	2.0	0.13038086418698552	-0.16186729214622553
8.0	2.0	NaN	0.14350996830692486
8.0	2.0	0.13241940650318837	-0.09680594743102613
8.0	2.0	NaN	-0.0060291896076585805
8.0	2.0	NaN	-0.00411787650562285
8.0	2.0	NaN	-0.10447391825420926
8.0	2.0	0.12967803990011223	0.21022497916587288
32.0	2.0	NaN	-0.10731446471078764
32.0	2.0	6.163482022726347E-5	-0.1195765812995253
32.0	2.0	0.1549000353377053	0.0346796583751983
32.0	2.0	2.483923545620903E-5	0.10793747986208341
32.0	2.0	-0.032439497266157795	-0.1338865025463743
32.0	2.0	0.16470613056857142	-0.09701860174175451
32.0	2.0	0.09302427520487722	0.17220716276385634
32.0	2.0	0.0014437788184660113	0.08639575417321504
32.0	2.0	-6.268236560251478E-5	0.012489696041523071
128.0	2.0	-1.0202874305985342E-5	-0.14246366867930055
128.0	2.0	0.0010596068231311956	0.040400021685950804
128.0	2.0	0.05742399473724072	-0.06326661278380069
128.0	2.0	0.1032305372159727	-0.03441101521525271
128.0	2.0	-6.209646880931351E-5	-0.052957350844475934
128.0	2.0	NaN	0.1301990080923294
128.0	2.0	NaN	-0.1709490065527317
128.0	2.0	0.1457629339760895	-0.08367589279399858
512.0	2.0	1.8293777667901045E-5	0.011707009544016348
512.0	2.0	0.1156016689417689	-0.04034307129043454
512.0	2.0	0.10665133209518536	0.08381076952747345
512.0	2.0	-2.8698823309914627E-5	-0.21051365412076667
512.0	2.0	0.14176839996329768	-0.1505845166025712
512.0	2.0	0.06278801579766687	0.07178343850070182
512.0	2.0	0.040024540160363914	0.15562841361022217
512.0	2.0	0.10444516380494161	0.08588706368515771
2048.0	2.0	0.03451218087675281	0.22533425613555647
2048.0	2.0	NaN	-0.08074522001448467
2048.0	2.0	5.306594585858918E-5	-0.12300052102745987
2048.0	2.0	0.17225791400457893	-0.05884673606842831
2048.0	2.0	-0.010990514302670777	0.07534123359627819
2048.0	2.0	0.16498718159691025	-0.048124532779152185
2048.0	2.0	0.1126727952625748	0.09979566077240531
2048.0	2.0	0.03388205628793587	-0.13523089968525517
8192.0	2.0	0.13432724473260585	-0.07979284161466103
8192.0	2.0	0.15461595203692813	0.23252245856192746
8192.0	2.0	0.08648718122052107	6.708184273888587E-5
8192.0	2.0	-2.7237218609562104E-5	0.08151288371836624
8192.0	2.0	NaN	-0.1507106171551031
8192.0	2.0	-2.979660744570071E-5	0.1138727084586185
8192.0	2.0	-2.574733036717627E-5	-0.09938302701602468
8192.0	2.0	0.06401575916633671	0.10719966352567427
32768.0	2.0	NaN	0.024286941922309208
32768.0	2.0	0.1337762607793875	0.05471178151691719
32768.0	2.0	0.05982556132980703	-0.026057645985890054
32768.0	2.0	0.11623467056633474	-0.032013017897565145
32768.0	2.0	0.1708083400950118	-0.054107116730699664
32768.0	2.0	0.08080349114074013	-0.12449836361968403
32768.0	2.0	0.04022110640438377	0.029964884173354172
32768.0	2.0	-4.033560121060729E-5	-0.042371438939943114
32768.0	2.0	0.05246058880894268	0.2329749186800884
0.0	8.0	2.1701539026334317E-8	NaN
0.0	8.0	NaN	-0.06750059746443102
0.0	8.0	NaN	NaN
0.0	8.0	0.14124960480119728	0.13863608324362764
0.0	8.0	NaN	NaN
0.0	8.0	NaN	NaN
0.0	8.0	6.791511119518607E-8	NaN
0.0	8.0	NaN	NaN
0.03125	8.0	2.381392803179397E-7	NaN
0.03125	8.0	0.12254248327662809	0.11141999139171443
0.03125	8.0	1.2965681501646597E-7	NaN
0.03125	8.0	NaN	NaN
0.03125	8.0	NaN	NaN
0.03125	8.0	0.07630893545758871	0.09000883750535651
0.03125	8.0	NaN	NaN
0.03125	8.0	0.03819401494148547	0.010120799494263163
0.03125	8.0	0.10758510446444923	0.10717962799160932
0.125	8.0	0.17373301673106784	0.15419076538504467
0.125	8.0	0.18348444927113175	0.13238990338524367
0.125	8.0	0.09475642082577841	0.10071305885109297
0.125	8.0	NaN	NaN
0.125	8.0	NaN	NaN
0.125	8.0	0.08423888559902402	0.10348467510944685
0.125	8.0	NaN	NaN
0.125	8.0	-1.0961920802104513E-7	NaN
0.125	8.0	4.57206374614422E-4	0.011960980623407948
0.5	8.0	0.12002096982687095	0.10616106668082136
0.5	8.0	0.05569015327386012	0.13252080996630794
0.5	8.0	5.454373518266172E-8	NaN
0.5	8.0	NaN	NaN
0.5	8.0	NaN	-0.06625987888518388
0.5	8.0	1.29467379910306E-7	NaN
0.5	8.0	NaN	NaN
0.5	8.0	0.1515168828426132	0.08162549811726269
0.5	8.0	NaN	NaN
2.0	8.0	0.1553861561826394	0.12028083444628422
2.0	8.0	0.13080843034962328	0.08573651009839556
2.0	8.0	-1.3254941961452576E-5	-0.06343748237847956
2.0	8.0	NaN	NaN
2.0	8.0	NaN	NaN
2.0	8.0	7.445607821043638E-8	NaN
2.0	8.0	0.09270107228430458	0.11216532018406442
2.0	8.0	NaN	0.08701925261449457
2.0	8.0	5.718550262193366E-8	NaN
2.0	8.0	0.13795825202738968	0.1456067547157541
8.0	8.0	0.0626842043415305	0.10198591215165913
8.0	8.0	0.0442151113522464	0.024367400133967387
8.0	8.0	0.1608636867507465	0.12357376635502756
8.0	8.0	NaN	0.007928126117471452
8.0	8.0	1.0013864541727697E-7	NaN
8.0	8.0	NaN	NaN
8.0	8.0	0.1244161862366466	0.11891950828398522
8.0	8.0	1.5480250062073552E-7	NaN
8.0	8.0	NaN	NaN
8.0	8.0	4.3465356838081834E-8	NaN
32.0	8.0	0.1280913764710278	0.09698814263380483
32.0	8.0	-4.5009569500070226E-5	-0.07316290064869263
32.0	8.0	0.060445599494257894	0.10380999714938892
32.0	8.0	NaN	NaN
32.0	8.0	7.484284498910239E-8	NaN
32.0	8.0	2.090773893703436E-7	NaN
32.0	8.0	9.007032791768826E-8	NaN
32.0	8.0	0.1042550031685471	0.10369087257287202
32.0	8.0	0.1942505778534363	0.15519731456586425
32.0	8.0	0.12458539489876294	0.1232652409635559
128.0	8.0	0.17500414922800744	0.148304082746717
128.0	8.0	NaN	NaN
128.0	8.0	0.10523424211169435	0.11228237413601114
128.0	8.0	0.13377639700248398	0.11695373452398325
128.0	8.0	3.4539531135455946E-7	NaN
128.0	8.0	0.10016001513703801	0.10343725387823706
128.0	8.0	5.270792078284547E-8	NaN
128.0	8.0	NaN	NaN
128.0	8.0	7.844981189440825E-8	NaN
128.0	8.0	NaN	-0.0634937698316707
512.0	8.0	0.09632638882215185	0.10267534915542566
512.0	8.0	1.1438194570767038E-7	NaN
512.0	8.0	0.14187625367835235	0.11872321458134341
512.0	8.0	0.003409980001643123	0.10068108333000234
512.0	8.0	0.06137860330406607	0.09657126435778955
512.0	8.0	0.16718200830189037	0.12621863527807214
512.0	8.0	0.08586083636444289	0.10025882859593725
512.0	8.0	0.0424824853977199	0.013080399447729337
512.0	8.0	9.501810744076037E-8	NaN
512.0	8.0	NaN	NaN
2048.0	8.0	2.5077600070471596E-8	NaN
2048.0	8.0	0.03382064664107719	0.0020527372228230567
2048.0	8.0	NaN	-0.06657862799019218
2048.0	8.0	1.2894014568794633E-7	NaN
2048.0	8.0	8.414615233461784E-8	NaN
2048.0	8.0	NaN	NaN
2048.0	8.0	0.13549849357651247	0.12122281008439552
2048.0	8.0	0.0029274028641877708	0.0846283646600319
2048.0	8.0	0.1215638949002443	0.14760863569297566
8192.0	8.0	0.03997043071290341	0.02116544397119028
8192.0	8.0	4.631681656943893E-8	NaN
8192.0	8.0	0.13234161728840768	0.11243129661430425
8192.0	8.0	0.09810627434963998	0.10552511283357201
8192.0	8.0	0.15835148747716807	0.0347709468678222
8192.0	8.0	0.0862568937596899	0.09078931342200484
8192.0	8.0	NaN	NaN
8192.0	8.0	0.060746669632750244	0.09480093281120724
8192.0	8.0	NaN	NaN
8192.0	8.0	9.875108493930441E-8	NaN
32768.0	8.0	0.0017689703116938456	0.08743075243973321
32768.0	8.0	NaN	NaN
32768.0	8.0	0.03706017873424031	0.0030292293074414803
32768.0	8.0	1.4598804196102798E-7	NaN
32768.0	8.0	6.608607249147394E-8	NaN
32768.0	8.0	0.15798834581325813	0.12045060843973777
32768.0	8.0	0.1123533569957248	0.14320225867963837
32768.0	8.0	NaN	NaN
32768.0	8.0	NaN	NaN
32768.0	8.0	-3.857314427852286E-5	-0.08244969400661471
</verbatim>


-- Main.KaiMichaelHoever - 22 May 2007